%variables=t,TKE,M_t,rhoRMS
      0.00000000E+00      0.80084344E-01      0.40020475E+00      0.17899590E+00
      0.10000000E-01      0.80047673E-01      0.40008176E+00      0.17877712E+00
      0.20000000E-01      0.79984280E-01      0.39990267E+00      0.17868209E+00
      0.30000000E-01      0.79894238E-01      0.39966757E+00      0.17870935E+00
      0.40000000E-01      0.79777976E-01      0.39937660E+00      0.17885571E+00
      0.50000000E-01      0.79636150E-01      0.39903047E+00      0.17911632E+00
      0.60000000E-01      0.79469631E-01      0.39863028E+00      0.17948470E+00
      0.70000000E-01      0.79279507E-01      0.39817752E+00      0.17995290E+00
      0.80000000E-01      0.79067068E-01      0.39767408E+00      0.18051160E+00
      0.90000000E-01      0.78833806E-01      0.39712229E+00      0.18115028E+00
      0.10000000E+00      0.78581397E-01      0.39652491E+00      0.18185738E+00
      0.11000000E+00      0.78311692E-01      0.39588515E+00      0.18262050E+00
      0.12000000E+00      0.78026697E-01      0.39520667E+00      0.18342657E+00
      0.13000000E+00      0.77728557E-01      0.39449356E+00      0.18426205E+00
      0.14000000E+00      0.77419536E-01      0.39375035E+00      0.18511316E+00
      0.15000000E+00      0.77101986E-01      0.39298193E+00      0.18596607E+00
      0.16000000E+00      0.76778328E-01      0.39219355E+00      0.18680706E+00
      0.17000000E+00      0.76451019E-01      0.39139074E+00      0.18762275E+00
      0.18000000E+00      0.76122521E-01      0.39057928E+00      0.18840027E+00
      0.19000000E+00      0.75795270E-01      0.38976509E+00      0.18912740E+00
      0.20000000E+00      0.75471645E-01      0.38895416E+00      0.18979274E+00
      0.21000000E+00      0.75153931E-01      0.38815247E+00      0.19038585E+00
      0.22000000E+00      0.74844293E-01      0.38736588E+00      0.19089735E+00
      0.23000000E+00      0.74544739E-01      0.38660006E+00      0.19131904E+00
      0.24000000E+00      0.74257100E-01      0.38586038E+00      0.19164398E+00
      0.25000000E+00      0.73982998E-01      0.38515184E+00      0.19186653E+00
      0.26000000E+00      0.73723832E-01      0.38447897E+00      0.19198244E+00
      0.27000000E+00      0.73480754E-01      0.38384576E+00      0.19198882E+00
      0.28000000E+00      0.73254665E-01      0.38325562E+00      0.19188420E+00
      0.29000000E+00      0.73046204E-01      0.38271132E+00      0.19166848E+00
      0.30000000E+00      0.72855747E-01      0.38221498E+00      0.19134291E+00
      0.31000000E+00      0.72683415E-01      0.38176802E+00      0.19091004E+00
      0.32000000E+00      0.72529080E-01      0.38137120E+00      0.19037364E+00
      0.33000000E+00      0.72392383E-01      0.38102461E+00      0.18973863E+00
      0.34000000E+00      0.72272752E-01      0.38072773E+00      0.18901096E+00
      0.35000000E+00      0.72169421E-01      0.38047941E+00      0.18819750E+00
      0.36000000E+00      0.72081464E-01      0.38027801E+00      0.18730592E+00
      0.37000000E+00      0.72007815E-01      0.38012137E+00      0.18634454E+00
      0.38000000E+00      0.71947298E-01      0.38000694E+00      0.18532218E+00
      0.39000000E+00      0.71898661E-01      0.37993181E+00      0.18424805E+00
      0.40000000E+00      0.71860600E-01      0.37989281E+00      0.18313155E+00
      0.41000000E+00      0.71831788E-01      0.37988655E+00      0.18198216E+00
      0.42000000E+00      0.71810898E-01      0.37990952E+00      0.18080932E+00
      0.43000000E+00      0.71796631E-01      0.37995812E+00      0.17962225E+00
      0.44000000E+00      0.71787730E-01      0.38002876E+00      0.17842985E+00
      0.45000000E+00      0.71783001E-01      0.38011786E+00      0.17724062E+00
      0.46000000E+00      0.71781324E-01      0.38022195E+00      0.17606255E+00
      0.47000000E+00      0.71781664E-01      0.38033770E+00      0.17490303E+00
      0.48000000E+00      0.71783075E-01      0.38046192E+00      0.17376882E+00
      0.49000000E+00      0.71784709E-01      0.38059162E+00      0.17266598E+00
      0.50000000E+00      0.71785810E-01      0.38072402E+00      0.17159989E+00
      0.51000000E+00      0.71785719E-01      0.38085656E+00      0.17057518E+00
      0.52000000E+00      0.71783860E-01      0.38098688E+00      0.16959579E+00
      0.53000000E+00      0.71779745E-01      0.38111283E+00      0.16866497E+00
      0.54000000E+00      0.71772953E-01      0.38123243E+00      0.16778532E+00
      0.55000000E+00      0.71763131E-01      0.38134388E+00      0.16695885E+00
      0.56000000E+00      0.71749977E-01      0.38144551E+00      0.16618699E+00
      0.57000000E+00      0.71733234E-01      0.38153579E+00      0.16547069E+00
      0.58000000E+00      0.71712680E-01      0.38161336E+00      0.16481050E+00
      0.59000000E+00      0.71688124E-01      0.38167695E+00      0.16420656E+00
      0.60000000E+00      0.71659400E-01      0.38172548E+00      0.16365872E+00
      0.61000000E+00      0.71626363E-01      0.38175804E+00      0.16316658E+00
      0.62000000E+00      0.71588887E-01      0.38177384E+00      0.16272953E+00
      0.63000000E+00      0.71546866E-01      0.38177227E+00      0.16234677E+00
      0.64000000E+00      0.71500210E-01      0.38175281E+00      0.16201737E+00
      0.65000000E+00      0.71448845E-01      0.38171511E+00      0.16174024E+00
      0.66000000E+00      0.71392719E-01      0.38165888E+00      0.16151418E+00
      0.67000000E+00      0.71331798E-01      0.38158398E+00      0.16133783E+00
      0.68000000E+00      0.71266071E-01      0.38149040E+00      0.16120967E+00
      0.69000000E+00      0.71195559E-01      0.38137826E+00      0.16112800E+00
      0.70000000E+00      0.71120314E-01      0.38124782E+00      0.16109091E+00
      0.71000000E+00      0.71040426E-01      0.38109954E+00      0.16109624E+00
      0.72000000E+00      0.70956031E-01      0.38093402E+00      0.16114157E+00
      0.73000000E+00      0.70867311E-01      0.38075210E+00      0.16122420E+00
      0.74000000E+00      0.70774499E-01      0.38055479E+00      0.16134111E+00
      0.75000000E+00      0.70677878E-01      0.38034329E+00      0.16148903E+00
      0.76000000E+00      0.70577775E-01      0.38011895E+00      0.16166441E+00
      0.77000000E+00      0.70474557E-01      0.37988322E+00      0.16186351E+00
      0.78000000E+00      0.70368614E-01      0.37963756E+00      0.16208242E+00
      0.79000000E+00      0.70260352E-01      0.37938343E+00      0.16231715E+00
      0.80000000E+00      0.70150175E-01      0.37912216E+00      0.16256375E+00
      0.81000000E+00      0.70038475E-01      0.37885499E+00      0.16281837E+00
      0.82000000E+00      0.69925618E-01      0.37858302E+00      0.16307740E+00
      0.83000000E+00      0.69811940E-01      0.37830718E+00      0.16333750E+00
      0.84000000E+00      0.69697740E-01      0.37802830E+00      0.16359574E+00
      0.85000000E+00      0.69583283E-01      0.37774710E+00      0.16384960E+00
      0.86000000E+00      0.69468799E-01      0.37746422E+00      0.16409704E+00
      0.87000000E+00      0.69354492E-01      0.37718028E+00      0.16433649E+00
      0.88000000E+00      0.69240541E-01      0.37689589E+00      0.16456684E+00
      0.89000000E+00      0.69127106E-01      0.37661165E+00      0.16478736E+00
      0.90000000E+00      0.69014329E-01      0.37632812E+00      0.16499769E+00
      0.91000000E+00      0.68902336E-01      0.37604578E+00      0.16519774E+00
      0.92000000E+00      0.68791232E-01      0.37576504E+00      0.16538759E+00
      0.93000000E+00      0.68681108E-01      0.37548618E+00      0.16556744E+00
      0.94000000E+00      0.68572036E-01      0.37520940E+00      0.16573750E+00
      0.95000000E+00      0.68464081E-01      0.37493481E+00      0.16589796E+00
      0.96000000E+00      0.68357303E-01      0.37466251E+00      0.16604889E+00
      0.97000000E+00      0.68251767E-01      0.37439264E+00      0.16619025E+00
      0.98000000E+00      0.68147550E-01      0.37412537E+00      0.16632184E+00
      0.99000000E+00      0.68044744E-01      0.37386097E+00      0.16644329E+00
      0.10000000E+01      0.67943460E-01      0.37359980E+00      0.16655411E+00
      0.10100000E+01      0.67843825E-01      0.37334222E+00      0.16665364E+00
      0.10200000E+01      0.67745973E-01      0.37308860E+00      0.16674117E+00
      0.10300000E+01      0.67650036E-01      0.37283926E+00      0.16681589E+00
      0.10400000E+01      0.67556138E-01      0.37259439E+00      0.16687695E+00
      0.10500000E+01      0.67464382E-01      0.37235408E+00      0.16692349E+00
      0.10600000E+01      0.67374849E-01      0.37211824E+00      0.16695465E+00
      0.10700000E+01      0.67287589E-01      0.37188667E+00      0.16696959E+00
      0.10800000E+01      0.67202623E-01      0.37165903E+00      0.16696752E+00
      0.10900000E+01      0.67119944E-01      0.37143494E+00      0.16694769E+00
      0.11000000E+01      0.67039520E-01      0.37121395E+00      0.16690944E+00
      0.11100000E+01      0.66961294E-01      0.37099561E+00      0.16685220E+00
      0.11200000E+01      0.66885187E-01      0.37077954E+00      0.16677553E+00
      0.11300000E+01      0.66811098E-01      0.37056536E+00      0.16667917E+00
      0.11400000E+01      0.66738892E-01      0.37035275E+00      0.16656307E+00
      0.11500000E+01      0.66668399E-01      0.37014133E+00      0.16642747E+00
      0.11600000E+01      0.66599395E-01      0.36993064E+00      0.16627294E+00
      0.11700000E+01      0.66531599E-01      0.36972004E+00      0.16610040E+00
      0.11800000E+01      0.66464657E-01      0.36950868E+00      0.16591123E+00
      0.11900000E+01      0.66398142E-01      0.36929542E+00      0.16570722E+00
      0.12000000E+01      0.66331554E-01      0.36907885E+00      0.16549064E+00
      0.12100000E+01      0.66264330E-01      0.36885735E+00      0.16526414E+00
      0.12200000E+01      0.66195859E-01      0.36862915E+00      0.16503080E+00
      0.12300000E+01      0.66125509E-01      0.36839244E+00      0.16479395E+00
      0.12400000E+01      0.66052646E-01      0.36814555E+00      0.16455718E+00
      0.12500000E+01      0.65976667E-01      0.36788697E+00      0.16432414E+00
      0.12600000E+01      0.65897020E-01      0.36761551E+00      0.16409849E+00
      0.12700000E+01      0.65813222E-01      0.36733031E+00      0.16388370E+00
      0.12800000E+01      0.65724874E-01      0.36703083E+00      0.16368304E+00
      0.12900000E+01      0.65631666E-01      0.36671683E+00      0.16349938E+00
      0.13000000E+01      0.65533379E-01      0.36638831E+00      0.16333518E+00
      0.13100000E+01      0.65429882E-01      0.36604548E+00      0.16319240E+00
      0.13200000E+01      0.65321127E-01      0.36568868E+00      0.16307249E+00
      0.13300000E+01      0.65207140E-01      0.36531833E+00      0.16297635E+00
      0.13400000E+01      0.65088014E-01      0.36493492E+00      0.16290437E+00
      0.13500000E+01      0.64963902E-01      0.36453898E+00      0.16285645E+00
      0.13600000E+01      0.64835008E-01      0.36413105E+00      0.16283204E+00
      0.13700000E+01      0.64701581E-01      0.36371174E+00      0.16283016E+00
      0.13800000E+01      0.64563912E-01      0.36328170E+00      0.16284946E+00
      0.13900000E+01      0.64422329E-01      0.36284165E+00      0.16288826E+00
      0.14000000E+01      0.64277192E-01      0.36239240E+00      0.16294461E+00
      0.14100000E+01      0.64128894E-01      0.36193488E+00      0.16301627E+00
      0.14200000E+01      0.63977856E-01      0.36147010E+00      0.16310082E+00
      0.14300000E+01      0.63824524E-01      0.36099917E+00      0.16319563E+00
      0.14400000E+01      0.63669367E-01      0.36052325E+00      0.16329793E+00
      0.14500000E+01      0.63512866E-01      0.36004358E+00      0.16340481E+00
      0.14600000E+01      0.63355515E-01      0.35956140E+00      0.16351331E+00
      0.14700000E+01      0.63197812E-01      0.35907794E+00      0.16362041E+00
      0.14800000E+01      0.63040249E-01      0.35859441E+00      0.16372310E+00
      0.14900000E+01      0.62883316E-01      0.35811200E+00      0.16381843E+00
      0.15000000E+01      0.62727488E-01      0.35763189E+00      0.16390354E+00
      0.15100000E+01      0.62573225E-01      0.35715525E+00      0.16397570E+00
      0.15200000E+01      0.62420969E-01      0.35668329E+00      0.16403238E+00
      0.15300000E+01      0.62271140E-01      0.35621721E+00      0.16407125E+00
      0.15400000E+01      0.62124132E-01      0.35575824E+00      0.16409025E+00
      0.15500000E+01      0.61980307E-01      0.35530759E+00      0.16408758E+00
      0.15600000E+01      0.61839988E-01      0.35486646E+00      0.16406177E+00
      0.15700000E+01      0.61703457E-01      0.35443593E+00      0.16401164E+00
      0.15800000E+01      0.61570943E-01      0.35401701E+00      0.16393637E+00
      0.15900000E+01      0.61442620E-01      0.35361052E+00      0.16383547E+00
      0.16000000E+01      0.61318601E-01      0.35321714E+00      0.16370882E+00
      0.16100000E+01      0.61198934E-01      0.35283731E+00      0.16355664E+00
      0.16200000E+01      0.61083598E-01      0.35247126E+00      0.16337950E+00
      0.16300000E+01      0.60972505E-01      0.35211899E+00      0.16317834E+00
      0.16400000E+01      0.60865501E-01      0.35178026E+00      0.16295439E+00
      0.16500000E+01      0.60762369E-01      0.35145457E+00      0.16270923E+00
      0.16600000E+01      0.60662834E-01      0.35114119E+00      0.16244466E+00
      0.16700000E+01      0.60566572E-01      0.35083921E+00      0.16216275E+00
      0.16800000E+01      0.60473222E-01      0.35054754E+00      0.16186574E+00
      0.16900000E+01      0.60382399E-01      0.35026498E+00      0.16155599E+00
      0.17000000E+01      0.60293708E-01      0.34999029E+00      0.16123590E+00
      0.17100000E+01      0.60206758E-01      0.34972225E+00      0.16090790E+00
      0.17200000E+01      0.60121176E-01      0.34945971E+00      0.16057431E+00
      0.17300000E+01      0.60036622E-01      0.34920163E+00      0.16023734E+00
      0.17400000E+01      0.59952791E-01      0.34894711E+00      0.15989901E+00
      0.17500000E+01      0.59869423E-01      0.34869537E+00      0.15956109E+00
      0.17600000E+01      0.59786304E-01      0.34844577E+00      0.15922512E+00
      0.17700000E+01      0.59703262E-01      0.34819778E+00      0.15889233E+00
      0.17800000E+01      0.59620163E-01      0.34795089E+00      0.15856368E+00
      0.17900000E+01      0.59536908E-01      0.34770468E+00      0.15823986E+00
      0.18000000E+01      0.59453421E-01      0.34745869E+00      0.15792127E+00
      0.18100000E+01      0.59369650E-01      0.34721250E+00      0.15760809E+00
      0.18200000E+01      0.59285556E-01      0.34696565E+00      0.15730030E+00
      0.18300000E+01      0.59201107E-01      0.34671772E+00      0.15699771E+00
      0.18400000E+01      0.59116278E-01      0.34646825E+00      0.15670004E+00
      0.18500000E+01      0.59031046E-01      0.34621685E+00      0.15640692E+00
      0.18600000E+01      0.58945382E-01      0.34596312E+00      0.15611798E+00
      0.18700000E+01      0.58859255E-01      0.34570671E+00      0.15583287E+00
      0.18800000E+01      0.58772624E-01      0.34544731E+00      0.15555133E+00
      0.18900000E+01      0.58685437E-01      0.34518463E+00      0.15527321E+00
      0.19000000E+01      0.58597627E-01      0.34491842E+00      0.15499852E+00
      0.19100000E+01      0.58509114E-01      0.34464842E+00      0.15472743E+00
      0.19200000E+01      0.58419801E-01      0.34437436E+00      0.15446032E+00
      0.19300000E+01      0.58329575E-01      0.34409595E+00      0.15419772E+00
      0.19400000E+01      0.58238310E-01      0.34381286E+00      0.15394036E+00
      0.19500000E+01      0.58145871E-01      0.34352475E+00      0.15368910E+00
      0.19600000E+01      0.58052116E-01      0.34323122E+00      0.15344494E+00
      0.19700000E+01      0.57956904E-01      0.34293190E+00      0.15320893E+00
      0.19800000E+01      0.57860103E-01      0.34262644E+00      0.15298219E+00
      0.19900000E+01      0.57761596E-01      0.34231456E+00      0.15276579E+00
      0.20000000E+01      0.57661288E-01      0.34199607E+00      0.15256077E+00
      0.20100000E+01      0.57559111E-01      0.34167088E+00      0.15236807E+00
      0.20200000E+01      0.57455031E-01      0.34133902E+00      0.15218850E+00
      0.20300000E+01      0.57349044E-01      0.34100064E+00      0.15202271E+00
      0.20400000E+01      0.57241180E-01      0.34065598E+00      0.15187119E+00
      0.20500000E+01      0.57131500E-01      0.34030536E+00      0.15173420E+00
      0.20600000E+01      0.57020092E-01      0.33994917E+00      0.15161182E+00
      0.20700000E+01      0.56907070E-01      0.33958786E+00      0.15150392E+00
      0.20800000E+01      0.56792567E-01      0.33922189E+00      0.15141013E+00
      0.20900000E+01      0.56676735E-01      0.33885176E+00      0.15132989E+00
      0.21000000E+01      0.56559737E-01      0.33847799E+00      0.15126240E+00
      0.21100000E+01      0.56441750E-01      0.33810111E+00      0.15120666E+00
      0.21200000E+01      0.56322956E-01      0.33772168E+00      0.15116146E+00
      0.21300000E+01      0.56203545E-01      0.33734026E+00      0.15112540E+00
      0.21400000E+01      0.56083708E-01      0.33695741E+00      0.15109689E+00
      0.21500000E+01      0.55963639E-01      0.33657370E+00      0.15107423E+00
      0.21600000E+01      0.55843527E-01      0.33618965E+00      0.15105557E+00
      0.21700000E+01      0.55723556E-01      0.33580577E+00      0.15103901E+00
      0.21800000E+01      0.55603902E-01      0.33542250E+00      0.15102263E+00
      0.21900000E+01      0.55484726E-01      0.33504022E+00      0.15100452E+00
      0.22000000E+01      0.55366176E-01      0.33465925E+00      0.15098287E+00
      0.22100000E+01      0.55248378E-01      0.33427983E+00      0.15095596E+00
      0.22200000E+01      0.55131442E-01      0.33390215E+00      0.15092227E+00
      0.22300000E+01      0.55015455E-01      0.33352635E+00      0.15088045E+00
      0.22400000E+01      0.54900490E-01      0.33315254E+00      0.15082936E+00
      0.22500000E+01      0.54786601E-01      0.33278085E+00      0.15076809E+00
      0.22600000E+01      0.54673833E-01      0.33241144E+00      0.15069591E+00
      0.22700000E+01      0.54562223E-01      0.33204445E+00      0.15061231E+00
      0.22800000E+01      0.54451800E-01      0.33168005E+00      0.15051693E+00
      0.22900000E+01      0.54342590E-01      0.33131834E+00      0.15040954E+00
      0.23000000E+01      0.54234613E-01      0.33095932E+00      0.15029003E+00
      0.23100000E+01      0.54127885E-01      0.33060297E+00      0.15015836E+00
      0.23200000E+01      0.54022421E-01      0.33024917E+00      0.15001453E+00
      0.23300000E+01      0.53918234E-01      0.32989783E+00      0.14985858E+00
      0.23400000E+01      0.53815340E-01      0.32954890E+00      0.14969059E+00
      0.23500000E+01      0.53713757E-01      0.32920240E+00      0.14951066E+00
      0.23600000E+01      0.53613502E-01      0.32885846E+00      0.14931892E+00
      0.23700000E+01      0.53514595E-01      0.32851723E+00      0.14911552E+00
      0.23800000E+01      0.53417048E-01      0.32817891E+00      0.14890067E+00
      0.23900000E+01      0.53320869E-01      0.32784366E+00      0.14867464E+00
      0.24000000E+01      0.53226056E-01      0.32751161E+00      0.14843771E+00
      0.24100000E+01      0.53132598E-01      0.32718284E+00      0.14819025E+00
      0.24200000E+01      0.53040479E-01      0.32685739E+00      0.14793259E+00
      0.24300000E+01      0.52949682E-01      0.32653532E+00      0.14766510E+00
      0.24400000E+01      0.52860197E-01      0.32621670E+00      0.14738808E+00
      0.24500000E+01      0.52772026E-01      0.32590170E+00      0.14710175E+00
      0.24600000E+01      0.52685192E-01      0.32559056E+00      0.14680623E+00
      0.24700000E+01      0.52599737E-01      0.32528362E+00      0.14650152E+00
      0.24800000E+01      0.52515729E-01      0.32498129E+00      0.14618742E+00
      0.24900000E+01      0.52433254E-01      0.32468403E+00      0.14586365E+00
      0.25000000E+01      0.52352409E-01      0.32439227E+00      0.14552975E+00
      0.25100000E+01      0.52273296E-01      0.32410643E+00      0.14518521E+00
      0.25200000E+01      0.52196006E-01      0.32382680E+00      0.14482950E+00
      0.25300000E+01      0.52120609E-01      0.32355360E+00      0.14446214E+00
      0.25400000E+01      0.52047141E-01      0.32328688E+00      0.14408280E+00
      0.25500000E+01      0.51975593E-01      0.32302656E+00      0.14369139E+00
      0.25600000E+01      0.51905903E-01      0.32277239E+00      0.14328817E+00
      0.25700000E+01      0.51837946E-01      0.32252396E+00      0.14287376E+00
      0.25800000E+01      0.51771531E-01      0.32228070E+00      0.14244930E+00
      0.25900000E+01      0.51706399E-01      0.32204186E+00      0.14201640E+00
      0.26000000E+01      0.51642226E-01      0.32180650E+00      0.14157721E+00
      0.26100000E+01      0.51578627E-01      0.32157355E+00      0.14113436E+00
      0.26200000E+01      0.51515167E-01      0.32134179E+00      0.14069090E+00
      0.26300000E+01      0.51451375E-01      0.32110992E+00      0.14025025E+00
      0.26400000E+01      0.51386761E-01      0.32087658E+00      0.13981604E+00
      0.26500000E+01      0.51320837E-01      0.32064044E+00      0.13939200E+00
      0.26600000E+01      0.51253139E-01      0.32040029E+00      0.13898181E+00
      0.26700000E+01      0.51183246E-01      0.32015502E+00      0.13858893E+00
      0.26800000E+01      0.51110799E-01      0.31990375E+00      0.13821645E+00
      0.26900000E+01      0.51035517E-01      0.31964581E+00      0.13786700E+00
      0.27000000E+01      0.50957204E-01      0.31938079E+00      0.13754257E+00
      0.27100000E+01      0.50875758E-01      0.31910848E+00      0.13724449E+00
      0.27200000E+01      0.50791170E-01      0.31882892E+00      0.13697337E+00
      0.27300000E+01      0.50703520E-01      0.31854233E+00      0.13672907E+00
      0.27400000E+01      0.50612971E-01      0.31824913E+00      0.13651078E+00
      0.27500000E+01      0.50519757E-01      0.31794989E+00      0.13631703E+00
      0.27600000E+01      0.50424176E-01      0.31764532E+00      0.13614580E+00
      0.27700000E+01      0.50326572E-01      0.31733625E+00      0.13599465E+00
      0.27800000E+01      0.50227322E-01      0.31702362E+00      0.13586082E+00
      0.27900000E+01      0.50126820E-01      0.31670840E+00      0.13574139E+00
      0.28000000E+01      0.50025462E-01      0.31639162E+00      0.13563336E+00
      0.28100000E+01      0.49923631E-01      0.31607425E+00      0.13553385E+00
      0.28200000E+01      0.49821681E-01      0.31575723E+00      0.13544014E+00
      0.28300000E+01      0.49719926E-01      0.31544137E+00      0.13534981E+00
      0.28400000E+01      0.49618632E-01      0.31512733E+00      0.13526075E+00
      0.28500000E+01      0.49518009E-01      0.31481562E+00      0.13517129E+00
      0.28600000E+01      0.49418213E-01      0.31450659E+00      0.13508016E+00
      0.28700000E+01      0.49319345E-01      0.31420045E+00      0.13498648E+00
      0.28800000E+01      0.49221452E-01      0.31389725E+00      0.13488982E+00
      0.28900000E+01      0.49124542E-01      0.31359695E+00      0.13479007E+00
      0.29000000E+01      0.49028582E-01      0.31329944E+00      0.13468748E+00
      0.29100000E+01      0.48933513E-01      0.31300455E+00      0.13458255E+00
      0.29200000E+01      0.48839255E-01      0.31271210E+00      0.13447599E+00
      0.29300000E+01      0.48745717E-01      0.31242187E+00      0.13436869E+00
      0.29400000E+01      0.48652801E-01      0.31213366E+00      0.13426162E+00
      0.29500000E+01      0.48560412E-01      0.31184727E+00      0.13415578E+00
      0.29600000E+01      0.48468459E-01      0.31156246E+00      0.13405217E+00
      0.29700000E+01      0.48376858E-01      0.31127902E+00      0.13395173E+00
      0.29800000E+01      0.48285541E-01      0.31099673E+00      0.13385531E+00
      0.29900000E+01      0.48194449E-01      0.31071536E+00      0.13376364E+00
      0.30000000E+01      0.48103538E-01      0.31043469E+00      0.13367730E+00
      0.30100000E+01      0.48012777E-01      0.31015450E+00      0.13359672E+00
      0.30200000E+01      0.47922150E-01      0.30987459E+00      0.13352218E+00
      0.30300000E+01      0.47831648E-01      0.30959479E+00      0.13345382E+00
      0.30400000E+01      0.47741273E-01      0.30931494E+00      0.13339166E+00
      0.30500000E+01      0.47651030E-01      0.30903490E+00      0.13333563E+00
      0.30600000E+01      0.47560924E-01      0.30875453E+00      0.13328559E+00
      0.30700000E+01      0.47470955E-01      0.30847368E+00      0.13324139E+00
      0.30800000E+01      0.47381112E-01      0.30819216E+00      0.13320289E+00
      0.30900000E+01      0.47291364E-01      0.30790971E+00      0.13317002E+00
      0.31000000E+01      0.47201661E-01      0.30762600E+00      0.13314278E+00
      0.31100000E+01      0.47111922E-01      0.30734060E+00      0.13312132E+00
      0.31200000E+01      0.47022038E-01      0.30705297E+00      0.13310591E+00
      0.31300000E+01      0.46931873E-01      0.30676249E+00      0.13309698E+00
      0.31400000E+01      0.46841264E-01      0.30646847E+00      0.13309510E+00
      0.31500000E+01      0.46750028E-01      0.30617019E+00      0.13310098E+00
      0.31600000E+01      0.46657972E-01      0.30586691E+00      0.13311541E+00
      0.31700000E+01      0.46564898E-01      0.30555796E+00      0.13313925E+00
      0.31800000E+01      0.46470611E-01      0.30524272E+00      0.13317340E+00
      0.31900000E+01      0.46374933E-01      0.30492065E+00      0.13321871E+00
      0.32000000E+01      0.46277702E-01      0.30459135E+00      0.13327594E+00
      0.32100000E+01      0.46178786E-01      0.30425452E+00      0.13334573E+00
      0.32200000E+01      0.46078084E-01      0.30390999E+00      0.13342853E+00
      0.32300000E+01      0.45975534E-01      0.30355771E+00      0.13352452E+00
      0.32400000E+01      0.45871117E-01      0.30319779E+00      0.13363363E+00
      0.32500000E+01      0.45764861E-01      0.30283049E+00      0.13375548E+00
      0.32600000E+01      0.45656844E-01      0.30245620E+00      0.13388931E+00
      0.32700000E+01      0.45547196E-01      0.30207548E+00      0.13403404E+00
      0.32800000E+01      0.45436102E-01      0.30168903E+00      0.13418820E+00
      0.32900000E+01      0.45323795E-01      0.30129772E+00      0.13434997E+00
      0.33000000E+01      0.45210556E-01      0.30090254E+00      0.13451721E+00
      0.33100000E+01      0.45096708E-01      0.30050460E+00      0.13468746E+00
      0.33200000E+01      0.44982611E-01      0.30010512E+00      0.13485799E+00
      0.33300000E+01      0.44868654E-01      0.29970543E+00      0.13502587E+00
      0.33400000E+01      0.44755246E-01      0.29930690E+00      0.13518802E+00
      0.33500000E+01      0.44642812E-01      0.29891100E+00      0.13534123E+00
      0.33600000E+01      0.44531782E-01      0.29851920E+00      0.13548230E+00
      0.33700000E+01      0.44422583E-01      0.29813300E+00      0.13560804E+00
      0.33800000E+01      0.44315630E-01      0.29775388E+00      0.13571537E+00
      0.33900000E+01      0.44211319E-01      0.29738325E+00      0.13580137E+00
      0.34000000E+01      0.44110015E-01      0.29702247E+00      0.13586334E+00
      0.34100000E+01      0.44012046E-01      0.29667275E+00      0.13589886E+00
      0.34200000E+01      0.43917694E-01      0.29633517E+00      0.13590586E+00
      0.34300000E+01      0.43827191E-01      0.29601063E+00      0.13588259E+00
      0.34400000E+01      0.43740712E-01      0.29569986E+00      0.13582773E+00
      0.34500000E+01      0.43658373E-01      0.29540336E+00      0.13574037E+00
      0.34600000E+01      0.43580232E-01      0.29512144E+00      0.13562001E+00
      0.34700000E+01      0.43506291E-01      0.29485421E+00      0.13546658E+00
      0.34800000E+01      0.43436493E-01      0.29460161E+00      0.13528042E+00
      0.34900000E+01      0.43370733E-01      0.29436338E+00      0.13506225E+00
      0.35000000E+01      0.43308859E-01      0.29413912E+00      0.13481317E+00
      0.35100000E+01      0.43250681E-01      0.29392829E+00      0.13453456E+00
      0.35200000E+01      0.43195970E-01      0.29373021E+00      0.13422810E+00
      0.35300000E+01      0.43144476E-01      0.29354408E+00      0.13389566E+00
      0.35400000E+01      0.43095924E-01      0.29336899E+00      0.13353929E+00
      0.35500000E+01      0.43050026E-01      0.29320394E+00      0.13316113E+00
      0.35600000E+01      0.43006486E-01      0.29304789E+00      0.13276338E+00
      0.35700000E+01      0.42965007E-01      0.29289971E+00      0.13234827E+00
      0.35800000E+01      0.42925293E-01      0.29275827E+00      0.13191800E+00
      0.35900000E+01      0.42887054E-01      0.29262244E+00      0.13147474E+00
      0.36000000E+01      0.42850008E-01      0.29249108E+00      0.13102060E+00
      0.36100000E+01      0.42813875E-01      0.29236307E+00      0.13055769E+00
      0.36200000E+01      0.42778378E-01      0.29223725E+00      0.13008808E+00
      0.36300000E+01      0.42743234E-01      0.29211246E+00      0.12961387E+00
      0.36400000E+01      0.42708151E-01      0.29198750E+00      0.12913722E+00
      0.36500000E+01      0.42672820E-01      0.29186108E+00      0.12866037E+00
      0.36600000E+01      0.42636918E-01      0.29173192E+00      0.12818569E+00
      0.36700000E+01      0.42600103E-01      0.29159866E+00      0.12771566E+00
      0.36800000E+01      0.42562021E-01      0.29145998E+00      0.12725292E+00
      0.36900000E+01      0.42522312E-01      0.29131458E+00      0.12680021E+00
      0.37000000E+01      0.42480614E-01      0.29116125E+00      0.12636036E+00
      0.37100000E+01      0.42436577E-01      0.29099884E+00      0.12593621E+00
      0.37200000E+01      0.42389871E-01      0.29082632E+00      0.12553058E+00
      0.37300000E+01      0.42340191E-01      0.29064279E+00      0.12514614E+00
      0.37400000E+01      0.42287273E-01      0.29044746E+00      0.12478534E+00
      0.37500000E+01      0.42230895E-01      0.29023967E+00      0.12445035E+00
      0.37600000E+01      0.42170891E-01      0.29001895E+00      0.12414294E+00
      0.37700000E+01      0.42107154E-01      0.28978498E+00      0.12386442E+00
      0.37800000E+01      0.42039645E-01      0.28953763E+00      0.12361562E+00
      0.37900000E+01      0.41968391E-01      0.28927701E+00      0.12339682E+00
      0.38000000E+01      0.41893487E-01      0.28900342E+00      0.12320775E+00
      0.38100000E+01      0.41815095E-01      0.28871736E+00      0.12304763E+00
      0.38200000E+01      0.41733435E-01      0.28841954E+00      0.12291519E+00
      0.38300000E+01      0.41648778E-01      0.28811082E+00      0.12280871E+00
      0.38400000E+01      0.41561435E-01      0.28779221E+00      0.12272610E+00
      0.38500000E+01      0.41471748E-01      0.28746483E+00      0.12266500E+00
      0.38600000E+01      0.41380081E-01      0.28712988E+00      0.12262280E+00
      0.38700000E+01      0.41286805E-01      0.28678860E+00      0.12259678E+00
      0.38800000E+01      0.41192295E-01      0.28644225E+00      0.12258416E+00
      0.38900000E+01      0.41096915E-01      0.28609206E+00      0.12258214E+00
      0.39000000E+01      0.41001018E-01      0.28573923E+00      0.12258801E+00
      0.39100000E+01      0.40904934E-01      0.28538489E+00      0.12259917E+00
      0.39200000E+01      0.40808969E-01      0.28503007E+00      0.12261315E+00
      0.39300000E+01      0.40713403E-01      0.28467574E+00      0.12262771E+00
      0.39400000E+01      0.40618484E-01      0.28432273E+00      0.12264080E+00
      0.39500000E+01      0.40524432E-01      0.28397180E+00      0.12265062E+00
      0.39600000E+01      0.40431438E-01      0.28362359E+00      0.12265559E+00
      0.39700000E+01      0.40339667E-01      0.28327869E+00      0.12265439E+00
      0.39800000E+01      0.40249258E-01      0.28293761E+00      0.12264594E+00
      0.39900000E+01      0.40160331E-01      0.28260081E+00      0.12262940E+00
      0.40000000E+01      0.40072986E-01      0.28226873E+00      0.12260414E+00
      0.40100000E+01      0.39987308E-01      0.28194177E+00      0.12256973E+00
      0.40200000E+01      0.39903371E-01      0.28162030E+00      0.12252594E+00
      0.40300000E+01      0.39821237E-01      0.28130471E+00      0.12247266E+00
      0.40400000E+01      0.39740962E-01      0.28099533E+00      0.12240992E+00
      0.40500000E+01      0.39662593E-01      0.28069250E+00      0.12233785E+00
      0.40600000E+01      0.39586170E-01      0.28039650E+00      0.12225663E+00
      0.40700000E+01      0.39511728E-01      0.28010761E+00      0.12216652E+00
      0.40800000E+01      0.39439294E-01      0.27982602E+00      0.12206777E+00
      0.40900000E+01      0.39368885E-01      0.27955192E+00      0.12196068E+00
      0.41000000E+01      0.39300511E-01      0.27928540E+00      0.12184552E+00
      0.41100000E+01      0.39234169E-01      0.27902654E+00      0.12172260E+00
      0.41200000E+01      0.39169844E-01      0.27877533E+00      0.12159221E+00
      0.41300000E+01      0.39107506E-01      0.27853172E+00      0.12145466E+00
      0.41400000E+01      0.39047108E-01      0.27829557E+00      0.12131028E+00
      0.41500000E+01      0.38988582E-01      0.27806665E+00      0.12115943E+00
      0.41600000E+01      0.38931836E-01      0.27784464E+00      0.12100254E+00
      0.41700000E+01      0.38876754E-01      0.27762909E+00      0.12084005E+00
      0.41800000E+01      0.38823192E-01      0.27741944E+00      0.12067251E+00
      0.41900000E+01      0.38770983E-01      0.27721506E+00      0.12050050E+00
      0.42000000E+01      0.38719935E-01      0.27701519E+00      0.12032471E+00
      0.42100000E+01      0.38669838E-01      0.27681904E+00      0.12014587E+00
      0.42200000E+01      0.38620467E-01      0.27662578E+00      0.11996478E+00
      0.42300000E+01      0.38571591E-01      0.27643457E+00      0.11978229E+00
      0.42400000E+01      0.38522976E-01      0.27624461E+00      0.11959927E+00
      0.42500000E+01      0.38474394E-01      0.27605513E+00      0.11941661E+00
      0.42600000E+01      0.38425623E-01      0.27586538E+00      0.11923518E+00
      0.42700000E+01      0.38376457E-01      0.27567472E+00      0.11905582E+00
      0.42800000E+01      0.38326707E-01      0.27548254E+00      0.11887932E+00
      0.42900000E+01      0.38276205E-01      0.27528831E+00      0.11870637E+00
      0.43000000E+01      0.38224809E-01      0.27509162E+00      0.11853756E+00
      0.43100000E+01      0.38172405E-01      0.27489209E+00      0.11837336E+00
      0.43200000E+01      0.38118907E-01      0.27468949E+00      0.11821410E+00
      0.43300000E+01      0.38064258E-01      0.27448362E+00      0.11805998E+00
      0.43400000E+01      0.38008430E-01      0.27427438E+00      0.11791105E+00
      0.43500000E+01      0.37951420E-01      0.27406173E+00      0.11776721E+00
      0.43600000E+01      0.37893247E-01      0.27384567E+00      0.11762826E+00
      0.43700000E+01      0.37833950E-01      0.27362625E+00      0.11749389E+00
      0.43800000E+01      0.37773584E-01      0.27340354E+00      0.11736370E+00
      0.43900000E+01      0.37712218E-01      0.27317767E+00      0.11723724E+00
      0.44000000E+01      0.37649930E-01      0.27294877E+00      0.11711405E+00
      0.44100000E+01      0.37586805E-01      0.27271702E+00      0.11699362E+00
      0.44200000E+01      0.37522934E-01      0.27248263E+00      0.11687550E+00
      0.44300000E+01      0.37458411E-01      0.27224582E+00      0.11675925E+00
      0.44400000E+01      0.37393329E-01      0.27200684E+00      0.11664448E+00
      0.44500000E+01      0.37327781E-01      0.27176595E+00      0.11653083E+00
      0.44600000E+01      0.37261861E-01      0.27152340E+00      0.11641800E+00
      0.44700000E+01      0.37195656E-01      0.27127947E+00      0.11630571E+00
      0.44800000E+01      0.37129254E-01      0.27103442E+00      0.11619371E+00
      0.44900000E+01      0.37062743E-01      0.27078853E+00      0.11608175E+00
      0.45000000E+01      0.36996208E-01      0.27054209E+00      0.11596954E+00
      0.45100000E+01      0.36929737E-01      0.27029539E+00      0.11585679E+00
      0.45200000E+01      0.36863420E-01      0.27004874E+00      0.11574315E+00
      0.45300000E+01      0.36797347E-01      0.26980247E+00      0.11562819E+00
      0.45400000E+01      0.36731613E-01      0.26955693E+00      0.11551145E+00
      0.45500000E+01      0.36666313E-01      0.26931248E+00      0.11539239E+00
      0.45600000E+01      0.36601540E-01      0.26906950E+00      0.11527044E+00
      0.45700000E+01      0.36537386E-01      0.26882835E+00      0.11514499E+00
      0.45800000E+01      0.36473938E-01      0.26858938E+00      0.11501542E+00
      0.45900000E+01      0.36411270E-01      0.26835291E+00      0.11488115E+00
      0.46000000E+01      0.36349444E-01      0.26811918E+00      0.11474165E+00
      0.46100000E+01      0.36288504E-01      0.26788837E+00      0.11459648E+00
      0.46200000E+01      0.36228474E-01      0.26766058E+00      0.11444532E+00
      0.46300000E+01      0.36169354E-01      0.26743581E+00      0.11428800E+00
      0.46400000E+01      0.36111118E-01      0.26721395E+00      0.11412452E+00
      0.46500000E+01      0.36053718E-01      0.26699481E+00      0.11395506E+00
      0.46600000E+01      0.35997080E-01      0.26677810E+00      0.11378001E+00
      0.46700000E+01      0.35941111E-01      0.26656347E+00      0.11359991E+00
      0.46800000E+01      0.35885700E-01      0.26635051E+00      0.11341550E+00
      0.46900000E+01      0.35830720E-01      0.26613877E+00      0.11322768E+00
      0.47000000E+01      0.35776037E-01      0.26592775E+00      0.11303745E+00
      0.47100000E+01      0.35721513E-01      0.26571698E+00      0.11284590E+00
      0.47200000E+01      0.35667010E-01      0.26550596E+00      0.11265419E+00
      0.47300000E+01      0.35612393E-01      0.26529422E+00      0.11246347E+00
      0.47400000E+01      0.35557541E-01      0.26508132E+00      0.11227489E+00
      0.47500000E+01      0.35502344E-01      0.26486685E+00      0.11208950E+00
      0.47600000E+01      0.35446706E-01      0.26465046E+00      0.11190827E+00
      0.47700000E+01      0.35390553E-01      0.26443182E+00      0.11173206E+00
      0.47800000E+01      0.35333824E-01      0.26421067E+00      0.11156157E+00
      0.47900000E+01      0.35276482E-01      0.26398678E+00      0.11139736E+00
      0.48000000E+01      0.35218502E-01      0.26376000E+00      0.11123983E+00
      0.48100000E+01      0.35159878E-01      0.26353021E+00      0.11108925E+00
      0.48200000E+01      0.35100620E-01      0.26329733E+00      0.11094574E+00
      0.48300000E+01      0.35040747E-01      0.26306135E+00      0.11080931E+00
      0.48400000E+01      0.34980292E-01      0.26282231E+00      0.11067988E+00
      0.48500000E+01      0.34919293E-01      0.26258028E+00      0.11055729E+00
      0.48600000E+01      0.34857798E-01      0.26233538E+00      0.11044131E+00
      0.48700000E+01      0.34795856E-01      0.26208776E+00      0.11033169E+00
      0.48800000E+01      0.34733519E-01      0.26183758E+00      0.11022818E+00
      0.48900000E+01      0.34670840E-01      0.26158503E+00      0.11013048E+00
      0.49000000E+01      0.34607872E-01      0.26133031E+00      0.11003834E+00
      0.49100000E+01      0.34544668E-01      0.26107362E+00      0.10995148E+00
      0.49200000E+01      0.34481279E-01      0.26081519E+00      0.10986964E+00
      0.49300000E+01      0.34417759E-01      0.26055522E+00      0.10979255E+00
      0.49400000E+01      0.34354162E-01      0.26029398E+00      0.10971995E+00
      0.49500000E+01      0.34290543E-01      0.26003171E+00      0.10965154E+00
      0.49600000E+01      0.34226963E-01      0.25976870E+00      0.10958702E+00
      0.49700000E+01      0.34163485E-01      0.25950526E+00      0.10952606E+00
      0.49800000E+01      0.34100175E-01      0.25924172E+00      0.10946828E+00
      0.49900000E+01      0.34037103E-01      0.25897843E+00      0.10941333E+00
      0.50000000E+01      0.33974342E-01      0.25871576E+00      0.10936081E+00
      0.50100000E+01      0.33911960E-01      0.25845408E+00      0.10931034E+00
      0.50200000E+01      0.33850025E-01      0.25819376E+00      0.10926157E+00
      0.50300000E+01      0.33788597E-01      0.25793514E+00      0.10921423E+00
      0.50400000E+01      0.33727724E-01      0.25767852E+00      0.10916810E+00
      0.50500000E+01      0.33667439E-01      0.25742417E+00      0.10912308E+00
      0.50600000E+01      0.33607758E-01      0.25717224E+00      0.10907922E+00
      0.50700000E+01      0.33548673E-01      0.25692285E+00      0.10903671E+00
      0.50800000E+01      0.33490155E-01      0.25667600E+00      0.10899593E+00
      0.50900000E+01      0.33432151E-01      0.25643161E+00      0.10895741E+00
      0.51000000E+01      0.33374583E-01      0.25618949E+00      0.10892185E+00
      0.51100000E+01      0.33317354E-01      0.25594939E+00      0.10889013E+00
      0.51200000E+01      0.33260348E-01      0.25571098E+00      0.10886321E+00
      0.51300000E+01      0.33203436E-01      0.25547388E+00      0.10884216E+00
      0.51400000E+01      0.33146479E-01      0.25523766E+00      0.10882811E+00
      0.51500000E+01      0.33089338E-01      0.25500187E+00      0.10882214E+00
      0.51600000E+01      0.33031875E-01      0.25476608E+00      0.10882531E+00
      0.51700000E+01      0.32973958E-01      0.25452984E+00      0.10883855E+00
      0.51800000E+01      0.32915474E-01      0.25429276E+00      0.10886264E+00
      0.51900000E+01      0.32856324E-01      0.25405449E+00      0.10889816E+00
      0.52000000E+01      0.32796434E-01      0.25381476E+00      0.10894543E+00
      0.52100000E+01      0.32735754E-01      0.25357337E+00      0.10900453E+00
      0.52200000E+01      0.32674263E-01      0.25333020E+00      0.10907525E+00
      0.52300000E+01      0.32611968E-01      0.25308522E+00      0.10915709E+00
      0.52400000E+01      0.32548904E-01      0.25283850E+00      0.10924925E+00
      0.52500000E+01      0.32485134E-01      0.25259020E+00      0.10935069E+00
      0.52600000E+01      0.32420747E-01      0.25234055E+00      0.10946010E+00
      0.52700000E+01      0.32355855E-01      0.25208989E+00      0.10957596E+00
      0.52800000E+01      0.32290589E-01      0.25183859E+00      0.10969658E+00
      0.52900000E+01      0.32225098E-01      0.25158710E+00      0.10982010E+00
      0.53000000E+01      0.32159544E-01      0.25133593E+00      0.10994458E+00
      0.53100000E+01      0.32094097E-01      0.25108560E+00      0.11006801E+00
      0.53200000E+01      0.32028934E-01      0.25083666E+00      0.11018836E+00
      0.53300000E+01      0.31964231E-01      0.25058967E+00      0.11030361E+00
      0.53400000E+01      0.31900163E-01      0.25034518E+00      0.11041181E+00
      0.53500000E+01      0.31836898E-01      0.25010373E+00      0.11051110E+00
      0.53600000E+01      0.31774595E-01      0.24986581E+00      0.11059973E+00
      0.53700000E+01      0.31713400E-01      0.24963191E+00      0.11067611E+00
      0.53800000E+01      0.31653443E-01      0.24940243E+00      0.11073882E+00
      0.53900000E+01      0.31594835E-01      0.24917773E+00      0.11078665E+00
      0.54000000E+01      0.31537668E-01      0.24895810E+00      0.11081861E+00
      0.54100000E+01      0.31482009E-01      0.24874375E+00      0.11083397E+00
      0.54200000E+01      0.31427902E-01      0.24853481E+00      0.11083225E+00
      0.54300000E+01      0.31375361E-01      0.24833131E+00      0.11081323E+00
      0.54400000E+01      0.31324376E-01      0.24813321E+00      0.11077700E+00
      0.54500000E+01      0.31274907E-01      0.24794034E+00      0.11072390E+00
      0.54600000E+01      0.31226887E-01      0.24775247E+00      0.11065458E+00
      0.54700000E+01      0.31180223E-01      0.24756926E+00      0.11056993E+00
      0.54800000E+01      0.31134798E-01      0.24739030E+00      0.11047109E+00
      0.54900000E+01      0.31090476E-01      0.24721510E+00      0.11035943E+00
      0.55000000E+01      0.31047101E-01      0.24704313E+00      0.11023648E+00
      0.55100000E+01      0.31004509E-01      0.24687382E+00      0.11010391E+00
      0.55200000E+01      0.30962527E-01      0.24670659E+00      0.10996346E+00
      0.55300000E+01      0.30920983E-01      0.24654084E+00      0.10981691E+00
      0.55400000E+01      0.30879709E-01      0.24637603E+00      0.10966599E+00
      0.55500000E+01      0.30838547E-01      0.24621164E+00      0.10951236E+00
      0.55600000E+01      0.30797354E-01      0.24604719E+00      0.10935754E+00
      0.55700000E+01      0.30756009E-01      0.24588230E+00      0.10920286E+00
      0.55800000E+01      0.30714408E-01      0.24571663E+00      0.10904943E+00
      0.55900000E+01      0.30672476E-01      0.24554996E+00      0.10889811E+00
      0.56000000E+01      0.30630158E-01      0.24538210E+00      0.10874949E+00
      0.56100000E+01      0.30587426E-01      0.24521296E+00      0.10860393E+00
      0.56200000E+01      0.30544271E-01      0.24504250E+00      0.10846152E+00
      0.56300000E+01      0.30500705E-01      0.24487074E+00      0.10832213E+00
      0.56400000E+01      0.30456754E-01      0.24469774E+00      0.10818544E+00
      0.56500000E+01      0.30412453E-01      0.24452355E+00      0.10805099E+00
      0.56600000E+01      0.30367844E-01      0.24434827E+00      0.10791821E+00
      0.56700000E+01      0.30322972E-01      0.24417198E+00      0.10778649E+00
      0.56800000E+01      0.30277878E-01      0.24399475E+00      0.10765519E+00
      0.56900000E+01      0.30232598E-01      0.24381662E+00      0.10752372E+00
      0.57000000E+01      0.30187163E-01      0.24363763E+00      0.10739155E+00
      0.57100000E+01      0.30141593E-01      0.24345780E+00      0.10725826E+00
      0.57200000E+01      0.30095899E-01      0.24327713E+00      0.10712352E+00
      0.57300000E+01      0.30050086E-01      0.24309559E+00      0.10698712E+00
      0.57400000E+01      0.30004149E-01      0.24291319E+00      0.10684897E+00
      0.57500000E+01      0.29958080E-01      0.24272989E+00      0.10670908E+00
      0.57600000E+01      0.29911866E-01      0.24254568E+00      0.10656757E+00
      0.57700000E+01      0.29865497E-01      0.24236057E+00      0.10642459E+00
      0.57800000E+01      0.29818961E-01      0.24217457E+00      0.10628037E+00
      0.57900000E+01      0.29772251E-01      0.24198773E+00      0.10613515E+00
      0.58000000E+01      0.29725369E-01      0.24180011E+00      0.10598916E+00
      0.58100000E+01      0.29678319E-01      0.24161178E+00      0.10584263E+00
      0.58200000E+01      0.29631115E-01      0.24142286E+00      0.10569576E+00
      0.58300000E+01      0.29583779E-01      0.24123346E+00      0.10554872E+00
      0.58400000E+01      0.29536337E-01      0.24104370E+00      0.10540164E+00
      0.58500000E+01      0.29488822E-01      0.24085372E+00      0.10525463E+00
      0.58600000E+01      0.29441267E-01      0.24066364E+00      0.10510778E+00
      0.58700000E+01      0.29393708E-01      0.24047358E+00      0.10496119E+00
      0.58800000E+01      0.29346178E-01      0.24028362E+00      0.10481497E+00
      0.58900000E+01      0.29298704E-01      0.24009383E+00      0.10466929E+00
      0.59000000E+01      0.29251307E-01      0.23990422E+00      0.10452437E+00
      0.59100000E+01      0.29203998E-01      0.23971478E+00      0.10438049E+00
      0.59200000E+01      0.29156776E-01      0.23952541E+00      0.10423804E+00
      0.59300000E+01      0.29109629E-01      0.23933600E+00      0.10409751E+00
      0.59400000E+01      0.29062532E-01      0.23914637E+00      0.10395947E+00
      0.59500000E+01      0.29015446E-01      0.23895630E+00      0.10382457E+00
      0.59600000E+01      0.28968327E-01      0.23876555E+00      0.10369355E+00
      0.59700000E+01      0.28921119E-01      0.23857388E+00      0.10356717E+00
      0.59800000E+01      0.28873767E-01      0.23838104E+00      0.10344622E+00
      0.59900000E+01      0.28826214E-01      0.23818682E+00      0.10333146E+00
      0.60000000E+01      0.28778409E-01      0.23799104E+00      0.10322356E+00
      0.60100000E+01      0.28730309E-01      0.23779359E+00      0.10312310E+00
      0.60200000E+01      0.28681885E-01      0.23759441E+00      0.10303050E+00
      0.60300000E+01      0.28633124E-01      0.23739348E+00      0.10294599E+00
      0.60400000E+01      0.28584028E-01      0.23719089E+00      0.10286958E+00
      0.60500000E+01      0.28534622E-01      0.23698674E+00      0.10280103E+00
      0.60600000E+01      0.28484949E-01      0.23678124E+00      0.10273986E+00
      0.60700000E+01      0.28435073E-01      0.23657463E+00      0.10268532E+00
      0.60800000E+01      0.28385075E-01      0.23636722E+00      0.10263645E+00
      0.60900000E+01      0.28335057E-01      0.23615935E+00      0.10259205E+00
      0.61000000E+01      0.28285129E-01      0.23595143E+00      0.10255076E+00
      0.61100000E+01      0.28235417E-01      0.23574389E+00      0.10251108E+00
      0.61200000E+01      0.28186048E-01      0.23553717E+00      0.10247146E+00
      0.61300000E+01      0.28137152E-01      0.23533175E+00      0.10243031E+00
      0.61400000E+01      0.28088853E-01      0.23512805E+00      0.10238611E+00
      0.61500000E+01      0.28041265E-01      0.23492648E+00      0.10233742E+00
      0.61600000E+01      0.27994485E-01      0.23472740E+00      0.10228298E+00
      0.61700000E+01      0.27948589E-01      0.23453108E+00      0.10222173E+00
      0.61800000E+01      0.27903631E-01      0.23433772E+00      0.10215287E+00
      0.61900000E+01      0.27859633E-01      0.23414742E+00      0.10207587E+00
      0.62000000E+01      0.27816594E-01      0.23396018E+00      0.10199049E+00
      0.62100000E+01      0.27774482E-01      0.23377591E+00      0.10189678E+00
      0.62200000E+01      0.27733237E-01      0.23359445E+00      0.10179509E+00
      0.62300000E+01      0.27692778E-01      0.23341554E+00      0.10168600E+00
      0.62400000E+01      0.27653001E-01      0.23323889E+00      0.10157033E+00
      0.62500000E+01      0.27613787E-01      0.23306413E+00      0.10144910E+00
      0.62600000E+01      0.27575004E-01      0.23289088E+00      0.10132345E+00
      0.62700000E+01      0.27536514E-01      0.23271872E+00      0.10119460E+00
      0.62800000E+01      0.27498177E-01      0.23254725E+00      0.10106382E+00
      0.62900000E+01      0.27459857E-01      0.23237603E+00      0.10093234E+00
      0.63000000E+01      0.27421424E-01      0.23220468E+00      0.10080134E+00
      0.63100000E+01      0.27382760E-01      0.23203284E+00      0.10067189E+00
      0.63200000E+01      0.27343760E-01      0.23186015E+00      0.10054493E+00
      0.63300000E+01      0.27304336E-01      0.23168635E+00      0.10042120E+00
      0.63400000E+01      0.27264422E-01      0.23151120E+00      0.10030130E+00
      0.63500000E+01      0.27223966E-01      0.23133451E+00      0.10018562E+00
      0.63600000E+01      0.27182940E-01      0.23115616E+00      0.10007435E+00
      0.63700000E+01      0.27141334E-01      0.23097609E+00      0.99967521E-01
      0.63800000E+01      0.27099157E-01      0.23079430E+00      0.99864960E-01
      0.63900000E+01      0.27056437E-01      0.23061081E+00      0.99766352E-01
      0.64000000E+01      0.27013216E-01      0.23042575E+00      0.99671233E-01
      0.64100000E+01      0.26969554E-01      0.23023924E+00      0.99579014E-01
      0.64200000E+01      0.26925523E-01      0.23005151E+00      0.99488995E-01
      0.64300000E+01      0.26881209E-01      0.22986279E+00      0.99400387E-01
      0.64400000E+01      0.26836710E-01      0.22967341E+00      0.99312324E-01
      0.64500000E+01      0.26792133E-01      0.22948370E+00      0.99223883E-01
      0.64600000E+01      0.26747595E-01      0.22929408E+00      0.99134103E-01
      0.64700000E+01      0.26703218E-01      0.22910500E+00      0.99041998E-01
      0.64800000E+01      0.26659130E-01      0.22891695E+00      0.98946583E-01
      0.64900000E+01      0.26615463E-01      0.22873043E+00      0.98846891E-01
      0.65000000E+01      0.26572344E-01      0.22854598E+00      0.98742002E-01
      0.65100000E+01      0.26529898E-01      0.22836412E+00      0.98631069E-01
      0.65200000E+01      0.26488242E-01      0.22818534E+00      0.98513344E-01
      0.65300000E+01      0.26447479E-01      0.22801010E+00      0.98388207E-01
      0.65400000E+01      0.26407698E-01      0.22783879E+00      0.98255198E-01
      0.65500000E+01      0.26368966E-01      0.22767170E+00      0.98114035E-01
      0.65600000E+01      0.26331329E-01      0.22750906E+00      0.97964644E-01
      0.65700000E+01      0.26294807E-01      0.22735097E+00      0.97807167E-01
      0.65800000E+01      0.26259395E-01      0.22719741E+00      0.97641972E-01
      0.65900000E+01      0.26225061E-01      0.22704828E+00      0.97469655E-01
      0.66000000E+01      0.26191749E-01      0.22690335E+00      0.97291029E-01
      0.66100000E+01      0.26159379E-01      0.22676232E+00      0.97107105E-01
      0.66200000E+01      0.26127851E-01      0.22662479E+00      0.96919064E-01
      0.66300000E+01      0.26097047E-01      0.22649028E+00      0.96728222E-01
      0.66400000E+01      0.26066839E-01      0.22635829E+00      0.96535992E-01
      0.66500000E+01      0.26037087E-01      0.22622824E+00      0.96343833E-01
      0.66600000E+01      0.26007650E-01      0.22609953E+00      0.96153209E-01
      0.66700000E+01      0.25978386E-01      0.22597155E+00      0.95965536E-01
      0.66800000E+01      0.25949156E-01      0.22584370E+00      0.95782146E-01
      0.66900000E+01      0.25919830E-01      0.22571538E+00      0.95604243E-01
      0.67000000E+01      0.25890290E-01      0.22558604E+00      0.95432877E-01
      0.67100000E+01      0.25860431E-01      0.22545516E+00      0.95268921E-01
      0.67200000E+01      0.25830163E-01      0.22532230E+00      0.95113057E-01
      0.67300000E+01      0.25799413E-01      0.22518705E+00      0.94965778E-01
      0.67400000E+01      0.25768123E-01      0.22504911E+00      0.94827392E-01
      0.67500000E+01      0.25736252E-01      0.22490822E+00      0.94698037E-01
      0.67600000E+01      0.25703773E-01      0.22476419E+00      0.94577701E-01
      0.67700000E+01      0.25670671E-01      0.22461691E+00      0.94466252E-01
      0.67800000E+01      0.25636941E-01      0.22446630E+00      0.94363462E-01
      0.67900000E+01      0.25602585E-01      0.22431233E+00      0.94269035E-01
      0.68000000E+01      0.25567612E-01      0.22415498E+00      0.94182634E-01
      0.68100000E+01      0.25532031E-01      0.22399429E+00      0.94103907E-01
      0.68200000E+01      0.25495857E-01      0.22383028E+00      0.94032499E-01
      0.68300000E+01      0.25459102E-01      0.22366301E+00      0.93968070E-01
      0.68400000E+01      0.25421779E-01      0.22349253E+00      0.93910304E-01
      0.68500000E+01      0.25383902E-01      0.22331891E+00      0.93858912E-01
      0.68600000E+01      0.25345482E-01      0.22314221E+00      0.93813633E-01
      0.68700000E+01      0.25306532E-01      0.22296251E+00      0.93774233E-01
      0.68800000E+01      0.25267065E-01      0.22277990E+00      0.93740503E-01
      0.68900000E+01      0.25227094E-01      0.22259447E+00      0.93712249E-01
      0.69000000E+01      0.25186632E-01      0.22240630E+00      0.93689295E-01
      0.69100000E+01      0.25145696E-01      0.22221550E+00      0.93671476E-01
      0.69200000E+01      0.25104301E-01      0.22202215E+00      0.93658632E-01
      0.69300000E+01      0.25062466E-01      0.22182636E+00      0.93650611E-01
      0.69400000E+01      0.25020210E-01      0.22162824E+00      0.93647264E-01
      0.69500000E+01      0.24977557E-01      0.22142788E+00      0.93648441E-01
      0.69600000E+01      0.24934529E-01      0.22122543E+00      0.93653994E-01
      0.69700000E+01      0.24891156E-01      0.22102099E+00      0.93663769E-01
      0.69800000E+01      0.24847468E-01      0.22081474E+00      0.93677608E-01
      0.69900000E+01      0.24803500E-01      0.22060684E+00      0.93695344E-01
      0.70000000E+01      0.24759291E-01      0.22039747E+00      0.93716796E-01
      0.70100000E+01      0.24714885E-01      0.22018686E+00      0.93741766E-01
      0.70200000E+01      0.24670329E-01      0.21997524E+00      0.93770040E-01
      0.70300000E+01      0.24625676E-01      0.21976286E+00      0.93801378E-01
      0.70400000E+01      0.24580982E-01      0.21955000E+00      0.93835517E-01
      0.70500000E+01      0.24536305E-01      0.21933694E+00      0.93872172E-01
      0.70600000E+01      0.24491709E-01      0.21912400E+00      0.93911031E-01
      0.70700000E+01      0.24447258E-01      0.21891146E+00      0.93951760E-01
      0.70800000E+01      0.24403017E-01      0.21869966E+00      0.93994007E-01
      0.70900000E+01      0.24359054E-01      0.21848891E+00      0.94037402E-01
      0.71000000E+01      0.24315435E-01      0.21827952E+00      0.94081562E-01
      0.71100000E+01      0.24272225E-01      0.21807180E+00      0.94126095E-01
      0.71200000E+01      0.24229485E-01      0.21786604E+00      0.94170601E-01
      0.71300000E+01      0.24187275E-01      0.21766252E+00      0.94214674E-01
      0.71400000E+01      0.24145651E-01      0.21746151E+00      0.94257901E-01
      0.71500000E+01      0.24104663E-01      0.21726323E+00      0.94299864E-01
      0.71600000E+01      0.24064357E-01      0.21706792E+00      0.94340134E-01
      0.71700000E+01      0.24024774E-01      0.21687577E+00      0.94378267E-01
      0.71800000E+01      0.23985950E-01      0.21668695E+00      0.94413807E-01
      0.71900000E+01      0.23947917E-01      0.21650161E+00      0.94446276E-01
      0.72000000E+01      0.23910702E-01      0.21631988E+00      0.94475175E-01
      0.72100000E+01      0.23874328E-01      0.21614188E+00      0.94499989E-01
      0.72200000E+01      0.23838813E-01      0.21596769E+00      0.94520186E-01
      0.72300000E+01      0.23804173E-01      0.21579738E+00      0.94535230E-01
      0.72400000E+01      0.23770417E-01      0.21563100E+00      0.94544587E-01
      0.72500000E+01      0.23737550E-01      0.21546858E+00      0.94547745E-01
      0.72600000E+01      0.23705573E-01      0.21531012E+00      0.94544233E-01
      0.72700000E+01      0.23674475E-01      0.21515558E+00      0.94533636E-01
      0.72800000E+01      0.23644242E-01      0.21500488E+00      0.94515625E-01
      0.72900000E+01      0.23614846E-01      0.21485790E+00      0.94489976E-01
      0.73000000E+01      0.23586251E-01      0.21471447E+00      0.94456589E-01
      0.73100000E+01      0.23558407E-01      0.21457437E+00      0.94415513E-01
      0.73200000E+01      0.23531254E-01      0.21443732E+00      0.94366957E-01
      0.73300000E+01      0.23504718E-01      0.21430299E+00      0.94311300E-01
      0.73400000E+01      0.23478711E-01      0.21417097E+00      0.94249100E-01
      0.73500000E+01      0.23453135E-01      0.21404084E+00      0.94181092E-01
      0.73600000E+01      0.23427878E-01      0.21391211E+00      0.94108179E-01
      0.73700000E+01      0.23402822E-01      0.21378425E+00      0.94031420E-01
      0.73800000E+01      0.23377838E-01      0.21365672E+00      0.93952013E-01
      0.73900000E+01      0.23352794E-01      0.21352894E+00      0.93871267E-01
      0.74000000E+01      0.23327553E-01      0.21340034E+00      0.93790573E-01
      0.74100000E+01      0.23301979E-01      0.21327034E+00      0.93711372E-01
      0.74200000E+01      0.23275940E-01      0.21313839E+00      0.93635114E-01
      0.74300000E+01      0.23249310E-01      0.21300395E+00      0.93563226E-01
      0.74400000E+01      0.23221970E-01      0.21286654E+00      0.93497064E-01
      0.74500000E+01      0.23193815E-01      0.21272573E+00      0.93437879E-01
      0.74600000E+01      0.23164755E-01      0.21258112E+00      0.93386780E-01
      0.74700000E+01      0.23134713E-01      0.21243242E+00      0.93344701E-01
      0.74800000E+01      0.23103633E-01      0.21227937E+00      0.93312370E-01
      0.74900000E+01      0.23071478E-01      0.21212184E+00      0.93290291E-01
      0.75000000E+01      0.23038231E-01      0.21195973E+00      0.93278726E-01
      0.75100000E+01      0.23003892E-01      0.21179304E+00      0.93277693E-01
      0.75200000E+01      0.22968483E-01      0.21162187E+00      0.93286963E-01
      0.75300000E+01      0.22932043E-01      0.21144635E+00      0.93306074E-01
      0.75400000E+01      0.22894627E-01      0.21126670E+00      0.93334345E-01
      0.75500000E+01      0.22856304E-01      0.21108319E+00      0.93370904E-01
      0.75600000E+01      0.22817153E-01      0.21089612E+00      0.93414716E-01
      0.75700000E+01      0.22777263E-01      0.21070584E+00      0.93464614E-01
      0.75800000E+01      0.22736728E-01      0.21051274E+00      0.93519334E-01
      0.75900000E+01      0.22695647E-01      0.21031718E+00      0.93577550E-01
      0.76000000E+01      0.22654120E-01      0.21011959E+00      0.93637904E-01
      0.76100000E+01      0.22612248E-01      0.20992039E+00      0.93699034E-01
      0.76200000E+01      0.22570133E-01      0.20972002E+00      0.93759596E-01
      0.76300000E+01      0.22527873E-01      0.20951892E+00      0.93818285E-01
      0.76400000E+01      0.22485569E-01      0.20931757E+00      0.93873845E-01
      0.76500000E+01      0.22443319E-01      0.20911645E+00      0.93925077E-01
      0.76600000E+01      0.22401219E-01      0.20891605E+00      0.93970842E-01
      0.76700000E+01      0.22359366E-01      0.20871687E+00      0.94010062E-01
      0.76800000E+01      0.22317856E-01      0.20851941E+00      0.94041714E-01
      0.76900000E+01      0.22276784E-01      0.20832417E+00      0.94064829E-01
      0.77000000E+01      0.22236244E-01      0.20813164E+00      0.94078487E-01
      0.77100000E+01      0.22196327E-01      0.20794228E+00      0.94081814E-01
      0.77200000E+01      0.22157124E-01      0.20775655E+00      0.94073983E-01
      0.77300000E+01      0.22118723E-01      0.20757487E+00      0.94054217E-01
      0.77400000E+01      0.22081206E-01      0.20739764E+00      0.94021796E-01
      0.77500000E+01      0.22044653E-01      0.20722521E+00      0.93976065E-01
      0.77600000E+01      0.22009137E-01      0.20705791E+00      0.93916447E-01
      0.77700000E+01      0.21974723E-01      0.20689601E+00      0.93842461E-01
      0.77800000E+01      0.21941467E-01      0.20673977E+00      0.93753735E-01
      0.77900000E+01      0.21909413E-01      0.20658935E+00      0.93650023E-01
      0.78000000E+01      0.21878594E-01      0.20644488E+00      0.93531225E-01
      0.78100000E+01      0.21849031E-01      0.20630643E+00      0.93397392E-01
      0.78200000E+01      0.21820729E-01      0.20617402E+00      0.93248743E-01
      0.78300000E+01      0.21793680E-01      0.20604759E+00      0.93085669E-01
      0.78400000E+01      0.21767859E-01      0.20592704E+00      0.92908730E-01
      0.78500000E+01      0.21743231E-01      0.20581221E+00      0.92718654E-01
      0.78600000E+01      0.21719745E-01      0.20570289E+00      0.92516326E-01
      0.78700000E+01      0.21697339E-01      0.20559881E+00      0.92302773E-01
      0.78800000E+01      0.21675940E-01      0.20549966E+00      0.92079148E-01
      0.78900000E+01      0.21655466E-01      0.20540510E+00      0.91846705E-01
      0.79000000E+01      0.21635826E-01      0.20531473E+00      0.91606774E-01
      0.79100000E+01      0.21616926E-01      0.20522814E+00      0.91360739E-01
      0.79200000E+01      0.21598665E-01      0.20514488E+00      0.91110004E-01
      0.79300000E+01      0.21580942E-01      0.20506449E+00      0.90855976E-01
      0.79400000E+01      0.21563656E-01      0.20498649E+00      0.90600029E-01
      0.79500000E+01      0.21546704E-01      0.20491040E+00      0.90343488E-01
      0.79600000E+01      0.21529991E-01      0.20483573E+00      0.90087605E-01
      0.79700000E+01      0.21513422E-01      0.20476202E+00      0.89833541E-01
      0.79800000E+01      0.21496910E-01      0.20468881E+00      0.89582349E-01
      0.79900000E+01      0.21480374E-01      0.20461566E+00      0.89334965E-01
      0.80000000E+01      0.21463741E-01      0.20454217E+00      0.89092198E-01
      0.80100000E+01      0.21446943E-01      0.20446794E+00      0.88854727E-01
      0.80200000E+01      0.21429924E-01      0.20439263E+00      0.88623097E-01
      0.80300000E+01      0.21412632E-01      0.20431591E+00      0.88397726E-01
      0.80400000E+01      0.21395026E-01      0.20423752E+00      0.88178905E-01
      0.80500000E+01      0.21377070E-01      0.20415719E+00      0.87966809E-01
      0.80600000E+01      0.21358737E-01      0.20407472E+00      0.87761510E-01
      0.80700000E+01      0.21340005E-01      0.20398994E+00      0.87562985E-01
      0.80800000E+01      0.21320858E-01      0.20390272E+00      0.87371136E-01
      0.80900000E+01      0.21301287E-01      0.20381296E+00      0.87185806E-01
      0.81000000E+01      0.21281286E-01      0.20372061E+00      0.87006793E-01
      0.81100000E+01      0.21260852E-01      0.20362564E+00      0.86833871E-01
      0.81200000E+01      0.21239985E-01      0.20352805E+00      0.86666804E-01
      0.81300000E+01      0.21218688E-01      0.20342786E+00      0.86505365E-01
      0.81400000E+01      0.21196962E-01      0.20332513E+00      0.86349349E-01
      0.81500000E+01      0.21174810E-01      0.20321989E+00      0.86198585E-01
      0.81600000E+01      0.21152232E-01      0.20311218E+00      0.86052943E-01
      0.81700000E+01      0.21129227E-01      0.20300207E+00      0.85912346E-01
      0.81800000E+01      0.21105794E-01      0.20288959E+00      0.85776769E-01
      0.81900000E+01      0.21081927E-01      0.20277476E+00      0.85646241E-01
      0.82000000E+01      0.21057619E-01      0.20265760E+00      0.85520846E-01
      0.82100000E+01      0.21032862E-01      0.20253814E+00      0.85400714E-01
      0.82200000E+01      0.21007646E-01      0.20241635E+00      0.85286023E-01
      0.82300000E+01      0.20981960E-01      0.20229224E+00      0.85176987E-01
      0.82400000E+01      0.20955791E-01      0.20216578E+00      0.85073856E-01
      0.82500000E+01      0.20929126E-01      0.20203693E+00      0.84976908E-01
      0.82600000E+01      0.20901951E-01      0.20190565E+00      0.84886444E-01
      0.82700000E+01      0.20874249E-01      0.20177188E+00      0.84802787E-01
      0.82800000E+01      0.20846006E-01      0.20163554E+00      0.84726277E-01
      0.82900000E+01      0.20817201E-01      0.20149653E+00      0.84657270E-01
      0.83000000E+01      0.20787816E-01      0.20135476E+00      0.84596133E-01
      0.83100000E+01      0.20757831E-01      0.20121011E+00      0.84543244E-01
      0.83200000E+01      0.20727223E-01      0.20106243E+00      0.84498983E-01
      0.83300000E+01      0.20695971E-01      0.20091161E+00      0.84463727E-01
      0.83400000E+01      0.20664051E-01      0.20075750E+00      0.84437842E-01
      0.83500000E+01      0.20631443E-01      0.20059996E+00      0.84421667E-01
      0.83600000E+01      0.20598127E-01      0.20043887E+00      0.84415504E-01
      0.83700000E+01      0.20564089E-01      0.20027412E+00      0.84419597E-01
      0.83800000E+01      0.20529316E-01      0.20010561E+00      0.84434113E-01
      0.83900000E+01      0.20493804E-01      0.19993330E+00      0.84459123E-01
      0.84000000E+01      0.20457558E-01      0.19975716E+00      0.84494584E-01
      0.84100000E+01      0.20420590E-01      0.19957720E+00      0.84540315E-01
      0.84200000E+01      0.20382925E-01      0.19939352E+00      0.84595982E-01
      0.84300000E+01      0.20344602E-01      0.19920625E+00      0.84661090E-01
      0.84400000E+01      0.20305670E-01      0.19901560E+00      0.84734968E-01
      0.84500000E+01      0.20266195E-01      0.19882184E+00      0.84816773E-01
      0.84600000E+01      0.20226257E-01      0.19862532E+00      0.84905490E-01
      0.84700000E+01      0.20185947E-01      0.19842645E+00      0.84999948E-01
      0.84800000E+01      0.20145373E-01      0.19822570E+00      0.85098830E-01
      0.84900000E+01      0.20104648E-01      0.19802360E+00      0.85200704E-01
      0.85000000E+01      0.20063899E-01      0.19782073E+00      0.85304046E-01
      0.85100000E+01      0.20023256E-01      0.19761769E+00      0.85407271E-01
      0.85200000E+01      0.19982853E-01      0.19741511E+00      0.85508770E-01
      0.85300000E+01      0.19942827E-01      0.19721365E+00      0.85606945E-01
      0.85400000E+01      0.19903312E-01      0.19701395E+00      0.85700238E-01
      0.85500000E+01      0.19864437E-01      0.19681665E+00      0.85787167E-01
      0.85600000E+01      0.19826325E-01      0.19662239E+00      0.85866353E-01
      0.85700000E+01      0.19789092E-01      0.19643174E+00      0.85936547E-01
      0.85800000E+01      0.19752840E-01      0.19624528E+00      0.85996645E-01
      0.85900000E+01      0.19717660E-01      0.19606350E+00      0.86045703E-01
      0.86000000E+01      0.19683630E-01      0.19588685E+00      0.86082951E-01
      0.86100000E+01      0.19650811E-01      0.19571572E+00      0.86107790E-01
      0.86200000E+01      0.19619250E-01      0.19555042E+00      0.86119791E-01
      0.86300000E+01      0.19588978E-01      0.19539118E+00      0.86118695E-01
      0.86400000E+01      0.19560010E-01      0.19523818E+00      0.86104397E-01
      0.86500000E+01      0.19532347E-01      0.19509150E+00      0.86076937E-01
      0.86600000E+01      0.19505977E-01      0.19495117E+00      0.86036485E-01
      0.86700000E+01      0.19480872E-01      0.19481714E+00      0.85983328E-01
      0.86800000E+01      0.19456997E-01      0.19468929E+00      0.85917852E-01
      0.86900000E+01      0.19434302E-01      0.19456747E+00      0.85840533E-01
      0.87000000E+01      0.19412730E-01      0.19445144E+00      0.85751916E-01
      0.87100000E+01      0.19392216E-01      0.19434094E+00      0.85652611E-01
      0.87200000E+01      0.19372688E-01      0.19423563E+00      0.85543278E-01
      0.87300000E+01      0.19354066E-01      0.19413517E+00      0.85424626E-01
      0.87400000E+01      0.19336269E-01      0.19403914E+00      0.85297398E-01
      0.87500000E+01      0.19319207E-01      0.19394712E+00      0.85162378E-01
      0.87600000E+01      0.19302788E-01      0.19385863E+00      0.85020382E-01
      0.87700000E+01      0.19286919E-01      0.19377319E+00      0.84872258E-01
      0.87800000E+01      0.19271503E-01      0.19369030E+00      0.84718890E-01
      0.87900000E+01      0.19256442E-01      0.19360943E+00      0.84561193E-01
      0.88000000E+01      0.19241635E-01      0.19353005E+00      0.84400118E-01
      0.88100000E+01      0.19226982E-01      0.19345162E+00      0.84236644E-01
      0.88200000E+01      0.19212384E-01      0.19337358E+00      0.84071782E-01
      0.88300000E+01      0.19197741E-01      0.19329540E+00      0.83906567E-01
      0.88400000E+01      0.19182954E-01      0.19321654E+00      0.83742050E-01
      0.88500000E+01      0.19167929E-01      0.19313647E+00      0.83579291E-01
      0.88600000E+01      0.19152572E-01      0.19305468E+00      0.83419344E-01
      0.88700000E+01      0.19136798E-01      0.19297069E+00      0.83263248E-01
      0.88800000E+01      0.19120525E-01      0.19288404E+00      0.83112009E-01
      0.88900000E+01      0.19103678E-01      0.19279433E+00      0.82966582E-01
      0.89000000E+01      0.19086194E-01      0.19270121E+00      0.82827860E-01
      0.89100000E+01      0.19068015E-01      0.19260436E+00      0.82696658E-01
      0.89200000E+01      0.19049096E-01      0.19250353E+00      0.82573700E-01
      0.89300000E+01      0.19029401E-01      0.19239853E+00      0.82459610E-01
      0.89400000E+01      0.19008904E-01      0.19228923E+00      0.82354907E-01
      0.89500000E+01      0.18987588E-01      0.19217553E+00      0.82260001E-01
      0.89600000E+01      0.18965448E-01      0.19205741E+00      0.82175196E-01
      0.89700000E+01      0.18942484E-01      0.19193486E+00      0.82100694E-01
      0.89800000E+01      0.18918703E-01      0.19180795E+00      0.82036605E-01
      0.89900000E+01      0.18894119E-01      0.19167674E+00      0.81982952E-01
      0.90000000E+01      0.18868749E-01      0.19154133E+00      0.81939685E-01
      0.90100000E+01      0.18842616E-01      0.19140185E+00      0.81906691E-01
      0.90200000E+01      0.18815741E-01      0.19125842E+00      0.81883804E-01
      0.90300000E+01      0.18788151E-01      0.19111119E+00      0.81870812E-01
      0.90400000E+01      0.18759871E-01      0.19096030E+00      0.81867462E-01
      0.90500000E+01      0.18730928E-01      0.19080591E+00      0.81873464E-01
      0.90600000E+01      0.18701352E-01      0.19064815E+00      0.81888493E-01
      0.90700000E+01      0.18671170E-01      0.19048720E+00      0.81912183E-01
      0.90800000E+01      0.18640415E-01      0.19032322E+00      0.81944127E-01
      0.90900000E+01      0.18609119E-01      0.19015637E+00      0.81983867E-01
      0.91000000E+01      0.18577321E-01      0.18998686E+00      0.82030893E-01
      0.91100000E+01      0.18545061E-01      0.18981489E+00      0.82084633E-01
      0.91200000E+01      0.18512385E-01      0.18964070E+00      0.82144450E-01
      0.91300000E+01      0.18479345E-01      0.18946454E+00      0.82209639E-01
      0.91400000E+01      0.18445999E-01      0.18928672E+00      0.82279426E-01
      0.91500000E+01      0.18412408E-01      0.18910755E+00      0.82352969E-01
      0.91600000E+01      0.18378644E-01      0.18892740E+00      0.82429366E-01
      0.91700000E+01      0.18344779E-01      0.18874666E+00      0.82507660E-01
      0.91800000E+01      0.18310894E-01      0.18856574E+00      0.82586849E-01
      0.91900000E+01      0.18277070E-01      0.18838508E+00      0.82665903E-01
      0.92000000E+01      0.18243393E-01      0.18820514E+00      0.82743773E-01
      0.92100000E+01      0.18209948E-01      0.18802639E+00      0.82819414E-01
      0.92200000E+01      0.18176819E-01      0.18784929E+00      0.82891797E-01
      0.92300000E+01      0.18144090E-01      0.18767430E+00      0.82959930E-01
      0.92400000E+01      0.18111838E-01      0.18750186E+00      0.83022870E-01
      0.92500000E+01      0.18080137E-01      0.18733239E+00      0.83079748E-01
      0.92600000E+01      0.18049052E-01      0.18716627E+00      0.83129775E-01
      0.92700000E+01      0.18018641E-01      0.18700384E+00      0.83172258E-01
      0.92800000E+01      0.17988953E-01      0.18684539E+00      0.83206614E-01
      0.92900000E+01      0.17960026E-01      0.18669118E+00      0.83232370E-01
      0.93000000E+01      0.17931890E-01      0.18654138E+00      0.83249173E-01
      0.93100000E+01      0.17904562E-01      0.18639614E+00      0.83256790E-01
      0.93200000E+01      0.17878050E-01      0.18625554E+00      0.83255104E-01
      0.93300000E+01      0.17852353E-01      0.18611960E+00      0.83244109E-01
      0.93400000E+01      0.17827461E-01      0.18598831E+00      0.83223899E-01
      0.93500000E+01      0.17803356E-01      0.18586159E+00      0.83194662E-01
      0.93600000E+01      0.17780013E-01      0.18573936E+00      0.83156658E-01
      0.93700000E+01      0.17757404E-01      0.18562148E+00      0.83110207E-01
      0.93800000E+01      0.17735494E-01      0.18550780E+00      0.83055674E-01
      0.93900000E+01      0.17714249E-01      0.18539816E+00      0.82993445E-01
      0.94000000E+01      0.17693633E-01      0.18529240E+00      0.82923919E-01
      0.94100000E+01      0.17673613E-01      0.18519034E+00      0.82847488E-01
      0.94200000E+01      0.17654153E-01      0.18509183E+00      0.82764525E-01
      0.94300000E+01      0.17635224E-01      0.18499672E+00      0.82675378E-01
      0.94400000E+01      0.17616797E-01      0.18490485E+00      0.82580361E-01
      0.94500000E+01      0.17598846E-01      0.18481611E+00      0.82479755E-01
      0.94600000E+01      0.17581349E-01      0.18473034E+00      0.82373806E-01
      0.94700000E+01      0.17564283E-01      0.18464745E+00      0.82262735E-01
      0.94800000E+01      0.17547629E-01      0.18456728E+00      0.82146739E-01
      0.94900000E+01      0.17531366E-01      0.18448972E+00      0.82026009E-01
      0.95000000E+01      0.17515476E-01      0.18441462E+00      0.81900737E-01
      0.95100000E+01      0.17499936E-01      0.18434184E+00      0.81771128E-01
      0.95200000E+01      0.17484722E-01      0.18427122E+00      0.81637412E-01
      0.95300000E+01      0.17469810E-01      0.18420256E+00      0.81499856E-01
      0.95400000E+01      0.17455168E-01      0.18413567E+00      0.81358770E-01
      0.95500000E+01      0.17440764E-01      0.18407033E+00      0.81214515E-01
      0.95600000E+01      0.17426561E-01      0.18400628E+00      0.81067503E-01
      0.95700000E+01      0.17412518E-01      0.18394327E+00      0.80918198E-01
      0.95800000E+01      0.17398592E-01      0.18388099E+00      0.80767116E-01
      0.95900000E+01      0.17384737E-01      0.18381916E+00      0.80614808E-01
      0.96000000E+01      0.17370906E-01      0.18375745E+00      0.80461864E-01
      0.96100000E+01      0.17357051E-01      0.18369555E+00      0.80308890E-01
      0.96200000E+01      0.17343124E-01      0.18363314E+00      0.80156502E-01
      0.96300000E+01      0.17329080E-01      0.18356994E+00      0.80005309E-01
      0.96400000E+01      0.17314876E-01      0.18350564E+00      0.79855901E-01
      0.96500000E+01      0.17300474E-01      0.18344001E+00      0.79708836E-01
      0.96600000E+01      0.17285840E-01      0.18337279E+00      0.79564626E-01
      0.96700000E+01      0.17270945E-01      0.18330380E+00      0.79423731E-01
      0.96800000E+01      0.17255765E-01      0.18323285E+00      0.79286546E-01
      0.96900000E+01      0.17240282E-01      0.18315981E+00      0.79153400E-01
      0.97000000E+01      0.17224483E-01      0.18308457E+00      0.79024553E-01
      0.97100000E+01      0.17208358E-01      0.18300704E+00      0.78900193E-01
      0.97200000E+01      0.17191904E-01      0.18292715E+00      0.78780439E-01
      0.97300000E+01      0.17175120E-01      0.18284489E+00      0.78665347E-01
      0.97400000E+01      0.17158008E-01      0.18276024E+00      0.78554912E-01
      0.97500000E+01      0.17140575E-01      0.18267322E+00      0.78449080E-01
      0.97600000E+01      0.17122828E-01      0.18258387E+00      0.78347756E-01
      0.97700000E+01      0.17104776E-01      0.18249224E+00      0.78250811E-01
      0.97800000E+01      0.17086430E-01      0.18239841E+00      0.78158094E-01
      0.97900000E+01      0.17067802E-01      0.18230246E+00      0.78069447E-01
      0.98000000E+01      0.17048902E-01      0.18220447E+00      0.77984710E-01
      0.98100000E+01      0.17029741E-01      0.18210453E+00      0.77903735E-01
      0.98200000E+01      0.17010326E-01      0.18200271E+00      0.77826396E-01
      0.98300000E+01      0.16990664E-01      0.18189908E+00      0.77752597E-01
      0.98400000E+01      0.16970761E-01      0.18179369E+00      0.77682281E-01
      0.98500000E+01      0.16950617E-01      0.18168657E+00      0.77615437E-01
      0.98600000E+01      0.16930231E-01      0.18157774E+00      0.77552102E-01
      0.98700000E+01      0.16909599E-01      0.18146720E+00      0.77492370E-01
      0.98800000E+01      0.16888715E-01      0.18135492E+00      0.77436386E-01
      0.98900000E+01      0.16867569E-01      0.18124087E+00      0.77384353E-01
      0.99000000E+01      0.16846148E-01      0.18112499E+00      0.77336524E-01
      0.99100000E+01      0.16824436E-01      0.18100722E+00      0.77293199E-01
      0.99200000E+01      0.16802418E-01      0.18088748E+00      0.77254717E-01
      0.99300000E+01      0.16780072E-01      0.18076565E+00      0.77221451E-01
      0.99400000E+01      0.16757379E-01      0.18064165E+00      0.77193788E-01
      0.99500000E+01      0.16734317E-01      0.18051536E+00      0.77172124E-01
      0.99600000E+01      0.16710864E-01      0.18038666E+00      0.77156842E-01
      0.99700000E+01      0.16686999E-01      0.18025547E+00      0.77148299E-01
      0.99800000E+01      0.16662705E-01      0.18012168E+00      0.77146809E-01
      0.99900000E+01      0.16637965E-01      0.17998524E+00      0.77152621E-01
