%variables=t,TKE,M_t,rhoRMS
      0.00000000E+00      0.80084344E-01      0.40020475E+00      0.17899590E+00
      0.10000000E-01      0.80043428E-01      0.40007687E+00      0.17877192E+00
      0.20000000E-01      0.79975672E-01      0.39989203E+00      0.17867165E+00
      0.30000000E-01      0.79881282E-01      0.39965072E+00      0.17869347E+00
      0.40000000E-01      0.79760657E-01      0.39935322E+00      0.17883403E+00
      0.50000000E-01      0.79614424E-01      0.39900021E+00      0.17908835E+00
      0.60000000E-01      0.79443437E-01      0.39859273E+00      0.17944985E+00
      0.70000000E-01      0.79248770E-01      0.39813227E+00      0.17991047E+00
      0.80000000E-01      0.79031707E-01      0.39762072E+00      0.18046082E+00
      0.90000000E-01      0.78793736E-01      0.39706042E+00      0.18109033E+00
      0.10000000E+00      0.78536536E-01      0.39645417E+00      0.18178739E+00
      0.11000000E+00      0.78261962E-01      0.39580523E+00      0.18253958E+00
      0.12000000E+00      0.77972026E-01      0.39511729E+00      0.18333384E+00
      0.13000000E+00      0.77668883E-01      0.39439451E+00      0.18415670E+00
      0.14000000E+00      0.77354801E-01      0.39364145E+00      0.18499445E+00
      0.15000000E+00      0.77032142E-01      0.39286306E+00      0.18583333E+00
      0.16000000E+00      0.76703331E-01      0.39206460E+00      0.18665978E+00
      0.17000000E+00      0.76370826E-01      0.39125165E+00      0.18746056E+00
      0.18000000E+00      0.76037088E-01      0.39042997E+00      0.18822296E+00
      0.19000000E+00      0.75704548E-01      0.38960548E+00      0.18893496E+00
      0.20000000E+00      0.75375576E-01      0.38878414E+00      0.18958535E+00
      0.21000000E+00      0.75052446E-01      0.38797188E+00      0.19016388E+00
      0.22000000E+00      0.74737306E-01      0.38717449E+00      0.19066134E+00
      0.23000000E+00      0.74432150E-01      0.38639758E+00      0.19106971E+00
      0.24000000E+00      0.74138788E-01      0.38564643E+00      0.19138218E+00
      0.25000000E+00      0.73858827E-01      0.38492593E+00      0.19159321E+00
      0.26000000E+00      0.73593648E-01      0.38424052E+00      0.19169863E+00
      0.27000000E+00      0.73344392E-01      0.38359411E+00      0.19169556E+00
      0.28000000E+00      0.73111950E-01      0.38299004E+00      0.19158251E+00
      0.29000000E+00      0.72896956E-01      0.38243100E+00      0.19135930E+00
      0.30000000E+00      0.72699790E-01      0.38191907E+00      0.19102704E+00
      0.31000000E+00      0.72520580E-01      0.38145564E+00      0.19058809E+00
      0.32000000E+00      0.72359214E-01      0.38104146E+00      0.19004599E+00
      0.33000000E+00      0.72215354E-01      0.38067665E+00      0.18940538E+00
      0.34000000E+00      0.72088450E-01      0.38036068E+00      0.18867190E+00
      0.35000000E+00      0.71977770E-01      0.38009250E+00      0.18785207E+00
      0.36000000E+00      0.71882415E-01      0.37987048E+00      0.18695322E+00
      0.37000000E+00      0.71801350E-01      0.37969255E+00      0.18598333E+00
      0.38000000E+00      0.71733431E-01      0.37955622E+00      0.18495090E+00
      0.39000000E+00      0.71677431E-01      0.37945867E+00      0.18386482E+00
      0.40000000E+00      0.71632068E-01      0.37939678E+00      0.18273428E+00
      0.41000000E+00      0.71596030E-01      0.37936725E+00      0.18156856E+00
      0.42000000E+00      0.71568000E-01      0.37936662E+00      0.18037698E+00
      0.43000000E+00      0.71546679E-01      0.37939135E+00      0.17916870E+00
      0.44000000E+00      0.71530806E-01      0.37943787E+00      0.17795268E+00
      0.45000000E+00      0.71519170E-01      0.37950268E+00      0.17673754E+00
      0.46000000E+00      0.71510633E-01      0.37958231E+00      0.17553145E+00
      0.47000000E+00      0.71504132E-01      0.37967344E+00      0.17434206E+00
      0.48000000E+00      0.71498693E-01      0.37977290E+00      0.17317647E+00
      0.49000000E+00      0.71493432E-01      0.37987768E+00      0.17204114E+00
      0.50000000E+00      0.71487561E-01      0.37998499E+00      0.17094183E+00
      0.51000000E+00      0.71480381E-01      0.38009223E+00      0.16988364E+00
      0.52000000E+00      0.71471288E-01      0.38019699E+00      0.16887097E+00
      0.53000000E+00      0.71459757E-01      0.38029707E+00      0.16790752E+00
      0.54000000E+00      0.71445343E-01      0.38039046E+00      0.16699632E+00
      0.55000000E+00      0.71427672E-01      0.38047533E+00      0.16613977E+00
      0.56000000E+00      0.71406431E-01      0.38055000E+00      0.16533967E+00
      0.57000000E+00      0.71381359E-01      0.38061299E+00      0.16459727E+00
      0.58000000E+00      0.71352243E-01      0.38066297E+00      0.16391329E+00
      0.59000000E+00      0.71318912E-01      0.38069877E+00      0.16328805E+00
      0.60000000E+00      0.71281227E-01      0.38071939E+00      0.16272143E+00
      0.61000000E+00      0.71239080E-01      0.38072400E+00      0.16221298E+00
      0.62000000E+00      0.71192391E-01      0.38071189E+00      0.16176196E+00
      0.63000000E+00      0.71141103E-01      0.38068253E+00      0.16136734E+00
      0.64000000E+00      0.71085182E-01      0.38063550E+00      0.16102786E+00
      0.65000000E+00      0.71024613E-01      0.38057052E+00      0.16074206E+00
      0.66000000E+00      0.70959405E-01      0.38048745E+00      0.16050827E+00
      0.67000000E+00      0.70889589E-01      0.38038630E+00      0.16032464E+00
      0.68000000E+00      0.70815217E-01      0.38026720E+00      0.16018912E+00
      0.69000000E+00      0.70736370E-01      0.38013045E+00      0.16009950E+00
      0.70000000E+00      0.70653154E-01      0.37997648E+00      0.16005337E+00
      0.71000000E+00      0.70565708E-01      0.37980587E+00      0.16004813E+00
      0.72000000E+00      0.70474198E-01      0.37961938E+00      0.16008101E+00
      0.73000000E+00      0.70378827E-01      0.37941788E+00      0.16014907E+00
      0.74000000E+00      0.70279824E-01      0.37920239E+00      0.16024920E+00
      0.75000000E+00      0.70177450E-01      0.37897399E+00      0.16037816E+00
      0.76000000E+00      0.70071985E-01      0.37873385E+00      0.16053261E+00
      0.77000000E+00      0.69963730E-01      0.37848315E+00      0.16070915E+00
      0.78000000E+00      0.69852991E-01      0.37822305E+00      0.16090438E+00
      0.79000000E+00      0.69740080E-01      0.37795469E+00      0.16111492E+00
      0.80000000E+00      0.69625302E-01      0.37767910E+00      0.16133750E+00
      0.81000000E+00      0.69508952E-01      0.37739726E+00      0.16156901E+00
      0.82000000E+00      0.69391311E-01      0.37711007E+00      0.16180653E+00
      0.83000000E+00      0.69272646E-01      0.37681836E+00      0.16204738E+00
      0.84000000E+00      0.69153206E-01      0.37652291E+00      0.16228916E+00
      0.85000000E+00      0.69033228E-01      0.37622447E+00      0.16252977E+00
      0.86000000E+00      0.68912932E-01      0.37592376E+00      0.16276740E+00
      0.87000000E+00      0.68792531E-01      0.37562148E+00      0.16300054E+00
      0.88000000E+00      0.68672221E-01      0.37531831E+00      0.16322795E+00
      0.89000000E+00      0.68552189E-01      0.37501488E+00      0.16344865E+00
      0.90000000E+00      0.68432607E-01      0.37471177E+00      0.16366186E+00
      0.91000000E+00      0.68313631E-01      0.37440945E+00      0.16386698E+00
      0.92000000E+00      0.68195404E-01      0.37410836E+00      0.16406354E+00
      0.93000000E+00      0.68078051E-01      0.37380884E+00      0.16425115E+00
      0.94000000E+00      0.67961692E-01      0.37351120E+00      0.16442945E+00
      0.95000000E+00      0.67846436E-01      0.37321571E+00      0.16459812E+00
      0.96000000E+00      0.67732392E-01      0.37292267E+00      0.16475678E+00
      0.97000000E+00      0.67619671E-01      0.37263240E+00      0.16490501E+00
      0.98000000E+00      0.67508390E-01      0.37234522E+00      0.16504232E+00
      0.99000000E+00      0.67398672E-01      0.37206148E+00      0.16516815E+00
      0.10000000E+01      0.67290646E-01      0.37178154E+00      0.16528185E+00
      0.10100000E+01      0.67184441E-01      0.37150570E+00      0.16538271E+00
      0.10200000E+01      0.67080187E-01      0.37123423E+00      0.16546992E+00
      0.10300000E+01      0.66978004E-01      0.37096731E+00      0.16554265E+00
      0.10400000E+01      0.66878002E-01      0.37070505E+00      0.16559999E+00
      0.10500000E+01      0.66780275E-01      0.37044744E+00      0.16564103E+00
      0.10600000E+01      0.66684897E-01      0.37019440E+00      0.16566486E+00
      0.10700000E+01      0.66591922E-01      0.36994578E+00      0.16567059E+00
      0.10800000E+01      0.66501382E-01      0.36970135E+00      0.16565737E+00
      0.10900000E+01      0.66413282E-01      0.36946084E+00      0.16562447E+00
      0.11000000E+01      0.66327603E-01      0.36922396E+00      0.16557126E+00
      0.11100000E+01      0.66244298E-01      0.36899038E+00      0.16549729E+00
      0.11200000E+01      0.66163282E-01      0.36875976E+00      0.16540234E+00
      0.11300000E+01      0.66084433E-01      0.36853165E+00      0.16528643E+00
      0.11400000E+01      0.66007577E-01      0.36830555E+00      0.16514989E+00
      0.11500000E+01      0.65932485E-01      0.36808078E+00      0.16499341E+00
      0.11600000E+01      0.65858865E-01      0.36785649E+00      0.16481806E+00
      0.11700000E+01      0.65786359E-01      0.36763162E+00      0.16462530E+00
      0.11800000E+01      0.65714541E-01      0.36740492E+00      0.16441699E+00
      0.11900000E+01      0.65642929E-01      0.36717496E+00      0.16419541E+00
      0.12000000E+01      0.65570988E-01      0.36694018E+00      0.16396317E+00
      0.12100000E+01      0.65498152E-01      0.36669899E+00      0.16372324E+00
      0.12200000E+01      0.65423842E-01      0.36644987E+00      0.16347879E+00
      0.12300000E+01      0.65347480E-01      0.36619142E+00      0.16323321E+00
      0.12400000E+01      0.65268515E-01      0.36592243E+00      0.16298994E+00
      0.12500000E+01      0.65186433E-01      0.36564195E+00      0.16275244E+00
      0.12600000E+01      0.65100775E-01      0.36534926E+00      0.16252403E+00
      0.12700000E+01      0.65011139E-01      0.36504384E+00      0.16230785E+00
      0.12800000E+01      0.64917190E-01      0.36472539E+00      0.16210677E+00
      0.12900000E+01      0.64818659E-01      0.36439374E+00      0.16192332E+00
      0.13000000E+01      0.64715347E-01      0.36404880E+00      0.16175959E+00
      0.13100000E+01      0.64607117E-01      0.36369059E+00      0.16161728E+00
      0.13200000E+01      0.64493895E-01      0.36331918E+00      0.16149760E+00
      0.13300000E+01      0.64375669E-01      0.36293466E+00      0.16140130E+00
      0.13400000E+01      0.64252483E-01      0.36253722E+00      0.16132868E+00
      0.13500000E+01      0.64124438E-01      0.36212709E+00      0.16127958E+00
      0.13600000E+01      0.63991684E-01      0.36170462E+00      0.16125344E+00
      0.13700000E+01      0.63854425E-01      0.36127026E+00      0.16124932E+00
      0.13800000E+01      0.63712909E-01      0.36082459E+00      0.16126592E+00
      0.13900000E+01      0.63567427E-01      0.36036832E+00      0.16130166E+00
      0.14000000E+01      0.63418313E-01      0.35990229E+00      0.16135468E+00
      0.14100000E+01      0.63265934E-01      0.35942748E+00      0.16142289E+00
      0.14200000E+01      0.63110688E-01      0.35894494E+00      0.16150401E+00
      0.14300000E+01      0.62953001E-01      0.35845581E+00      0.16159560E+00
      0.14400000E+01      0.62793320E-01      0.35796129E+00      0.16169510E+00
      0.14500000E+01      0.62632110E-01      0.35746261E+00      0.16179981E+00
      0.14600000E+01      0.62469851E-01      0.35696101E+00      0.16190699E+00
      0.14700000E+01      0.62307032E-01      0.35645776E+00      0.16201384E+00
      0.14800000E+01      0.62144155E-01      0.35595417E+00      0.16211750E+00
      0.14900000E+01      0.61981726E-01      0.35545157E+00      0.16221516E+00
      0.15000000E+01      0.61820256E-01      0.35495136E+00      0.16230400E+00
      0.15100000E+01      0.61660256E-01      0.35445497E+00      0.16238127E+00
      0.15200000E+01      0.61502231E-01      0.35396386E+00      0.16244435E+00
      0.15300000E+01      0.61346673E-01      0.35347955E+00      0.16249071E+00
      0.15400000E+01      0.61194053E-01      0.35300350E+00      0.16251802E+00
      0.15500000E+01      0.61044811E-01      0.35253715E+00      0.16252420E+00
      0.15600000E+01      0.60899342E-01      0.35208183E+00      0.16250741E+00
      0.15700000E+01      0.60757988E-01      0.35163871E+00      0.16246612E+00
      0.15800000E+01      0.60621028E-01      0.35120881E+00      0.16239919E+00
      0.15900000E+01      0.60488665E-01      0.35079290E+00      0.16230585E+00
      0.16000000E+01      0.60361024E-01      0.35039150E+00      0.16218574E+00
      0.16100000E+01      0.60238146E-01      0.35000488E+00      0.16203894E+00
      0.16200000E+01      0.60119983E-01      0.34963304E+00      0.16186599E+00
      0.16300000E+01      0.60006409E-01      0.34927567E+00      0.16166783E+00
      0.16400000E+01      0.59897214E-01      0.34893224E+00      0.16144581E+00
      0.16500000E+01      0.59792121E-01      0.34860196E+00      0.16120164E+00
      0.16600000E+01      0.59690795E-01      0.34828388E+00      0.16093735E+00
      0.16700000E+01      0.59592856E-01      0.34797687E+00      0.16065521E+00
      0.16800000E+01      0.59497893E-01      0.34767974E+00      0.16035766E+00
      0.16900000E+01      0.59405485E-01      0.34739125E+00      0.16004724E+00
      0.17000000E+01      0.59315210E-01      0.34711019E+00      0.15972650E+00
      0.17100000E+01      0.59226665E-01      0.34683540E+00      0.15939794E+00
      0.17200000E+01      0.59139472E-01      0.34656580E+00      0.15906389E+00
      0.17300000E+01      0.59053292E-01      0.34630043E+00      0.15872650E+00
      0.17400000E+01      0.58967831E-01      0.34603842E+00      0.15838768E+00
      0.17500000E+01      0.58882838E-01      0.34577902E+00      0.15804904E+00
      0.17600000E+01      0.58798112E-01      0.34552157E+00      0.15771187E+00
      0.17700000E+01      0.58713495E-01      0.34526551E+00      0.15737718E+00
      0.17800000E+01      0.58628874E-01      0.34501032E+00      0.15704566E+00
      0.17900000E+01      0.58544167E-01      0.34475557E+00      0.15671770E+00
      0.18000000E+01      0.58459326E-01      0.34450087E+00      0.15639350E+00
      0.18100000E+01      0.58374322E-01      0.34424586E+00      0.15607302E+00
      0.18200000E+01      0.58289142E-01      0.34399023E+00      0.15575611E+00
      0.18300000E+01      0.58203777E-01      0.34373367E+00      0.15544253E+00
      0.18400000E+01      0.58118220E-01      0.34347591E+00      0.15513204E+00
      0.18500000E+01      0.58032451E-01      0.34321664E+00      0.15482440E+00
      0.18600000E+01      0.57946439E-01      0.34295559E+00      0.15451951E+00
      0.18700000E+01      0.57860132E-01      0.34269244E+00      0.15421736E+00
      0.18800000E+01      0.57773457E-01      0.34242685E+00      0.15391814E+00
      0.18900000E+01      0.57686315E-01      0.34215846E+00      0.15362222E+00
      0.19000000E+01      0.57598585E-01      0.34188685E+00      0.15333017E+00
      0.19100000E+01      0.57510123E-01      0.34161159E+00      0.15304275E+00
      0.19200000E+01      0.57420767E-01      0.34133218E+00      0.15276093E+00
      0.19300000E+01      0.57330342E-01      0.34104812E+00      0.15248579E+00
      0.19400000E+01      0.57238668E-01      0.34075887E+00      0.15221854E+00
      0.19500000E+01      0.57145565E-01      0.34046395E+00      0.15196049E+00
      0.19600000E+01      0.57050864E-01      0.34016290E+00      0.15171291E+00
      0.19700000E+01      0.56954415E-01      0.33985535E+00      0.15147709E+00
      0.19800000E+01      0.56856093E-01      0.33954107E+00      0.15125419E+00
      0.19900000E+01      0.56755808E-01      0.33921993E+00      0.15104527E+00
      0.20000000E+01      0.56653504E-01      0.33889193E+00      0.15085119E+00
      0.20100000E+01      0.56549164E-01      0.33855723E+00      0.15067261E+00
      0.20200000E+01      0.56442810E-01      0.33821609E+00      0.15050995E+00
      0.20300000E+01      0.56334500E-01      0.33786884E+00      0.15036337E+00
      0.20400000E+01      0.56224325E-01      0.33751590E+00      0.15023278E+00
      0.20500000E+01      0.56112403E-01      0.33715772E+00      0.15011782E+00
      0.20600000E+01      0.55998874E-01      0.33679477E+00      0.15001787E+00
      0.20700000E+01      0.55883897E-01      0.33642753E+00      0.14993209E+00
      0.20800000E+01      0.55767639E-01      0.33605647E+00      0.14985942E+00
      0.20900000E+01      0.55650279E-01      0.33568207E+00      0.14979863E+00
      0.21000000E+01      0.55531992E-01      0.33530476E+00      0.14974832E+00
      0.21100000E+01      0.55412956E-01      0.33492500E+00      0.14970701E+00
      0.21200000E+01      0.55293342E-01      0.33454319E+00      0.14967310E+00
      0.21300000E+01      0.55173313E-01      0.33415974E+00      0.14964498E+00
      0.21400000E+01      0.55053019E-01      0.33377500E+00      0.14962105E+00
      0.21500000E+01      0.54932601E-01      0.33338931E+00      0.14959969E+00
      0.21600000E+01      0.54812183E-01      0.33300294E+00      0.14957939E+00
      0.21700000E+01      0.54691876E-01      0.33261613E+00      0.14955869E+00
      0.21800000E+01      0.54571779E-01      0.33222906E+00      0.14953621E+00
      0.21900000E+01      0.54451975E-01      0.33184191E+00      0.14951072E+00
      0.22000000E+01      0.54332544E-01      0.33145483E+00      0.14948107E+00
      0.22100000E+01      0.54213557E-01      0.33106800E+00      0.14944623E+00
      0.22200000E+01      0.54095087E-01      0.33068162E+00      0.14940525E+00
      0.22300000E+01      0.53977207E-01      0.33029599E+00      0.14935729E+00
      0.22400000E+01      0.53859999E-01      0.32991145E+00      0.14930158E+00
      0.22500000E+01      0.53743549E-01      0.32952839E+00      0.14923741E+00
      0.22600000E+01      0.53627950E-01      0.32914719E+00      0.14916413E+00
      0.22700000E+01      0.53513295E-01      0.32876821E+00      0.14908111E+00
      0.22800000E+01      0.53399682E-01      0.32839170E+00      0.14898779E+00
      0.22900000E+01      0.53287201E-01      0.32801786E+00      0.14888362E+00
      0.23000000E+01      0.53175938E-01      0.32764675E+00      0.14876811E+00
      0.23100000E+01      0.53065973E-01      0.32727843E+00      0.14864081E+00
      0.23200000E+01      0.52957376E-01      0.32691293E+00      0.14850134E+00
      0.23300000E+01      0.52850210E-01      0.32655033E+00      0.14834940E+00
      0.23400000E+01      0.52744528E-01      0.32619073E+00      0.14818478E+00
      0.23500000E+01      0.52640375E-01      0.32583430E+00      0.14800737E+00
      0.23600000E+01      0.52537785E-01      0.32548121E+00      0.14781718E+00
      0.23700000E+01      0.52436779E-01      0.32513163E+00      0.14761433E+00
      0.23800000E+01      0.52337365E-01      0.32478567E+00      0.14739902E+00
      0.23900000E+01      0.52239541E-01      0.32444344E+00      0.14717156E+00
      0.24000000E+01      0.52143295E-01      0.32410497E+00      0.14693233E+00
      0.24100000E+01      0.52048610E-01      0.32377030E+00      0.14668172E+00
      0.24200000E+01      0.51955473E-01      0.32343948E+00      0.14642012E+00
      0.24300000E+01      0.51863874E-01      0.32311261E+00      0.14614791E+00
      0.24400000E+01      0.51773819E-01      0.32278985E+00      0.14586534E+00
      0.24500000E+01      0.51685328E-01      0.32247144E+00      0.14557261E+00
      0.24600000E+01      0.51598440E-01      0.32215768E+00      0.14526975E+00
      0.24700000E+01      0.51513209E-01      0.32184891E+00      0.14495669E+00
      0.24800000E+01      0.51429703E-01      0.32154551E+00      0.14463321E+00
      0.24900000E+01      0.51347994E-01      0.32124780E+00      0.14429902E+00
      0.25000000E+01      0.51268152E-01      0.32095608E+00      0.14395376E+00
      0.25100000E+01      0.51190236E-01      0.32067055E+00      0.14359705E+00
      0.25200000E+01      0.51114281E-01      0.32039133E+00      0.14322861E+00
      0.25300000E+01      0.51040292E-01      0.32011839E+00      0.14284826E+00
      0.25400000E+01      0.50968236E-01      0.31985161E+00      0.14245605E+00
      0.25500000E+01      0.50898032E-01      0.31959070E+00      0.14205231E+00
      0.25600000E+01      0.50829547E-01      0.31933526E+00      0.14163770E+00
      0.25700000E+01      0.50762596E-01      0.31908475E+00      0.14121330E+00
      0.25800000E+01      0.50696938E-01      0.31883849E+00      0.14078057E+00
      0.25900000E+01      0.50632278E-01      0.31859570E+00      0.14034142E+00
      0.26000000E+01      0.50568276E-01      0.31835545E+00      0.13989815E+00
      0.26100000E+01      0.50504549E-01      0.31811673E+00      0.13945346E+00
      0.26200000E+01      0.50440688E-01      0.31787846E+00      0.13901031E+00
      0.26300000E+01      0.50376266E-01      0.31763954E+00      0.13857189E+00
      0.26400000E+01      0.50310856E-01      0.31739885E+00      0.13814153E+00
      0.26500000E+01      0.50244043E-01      0.31715536E+00      0.13772251E+00
      0.26600000E+01      0.50175443E-01      0.31690809E+00      0.13731804E+00
      0.26700000E+01      0.50104712E-01      0.31665621E+00      0.13693107E+00
      0.26800000E+01      0.50031562E-01      0.31639901E+00      0.13656421E+00
      0.26900000E+01      0.49955768E-01      0.31613596E+00      0.13621963E+00
      0.27000000E+01      0.49877175E-01      0.31586669E+00      0.13589899E+00
      0.27100000E+01      0.49795702E-01      0.31559102E+00      0.13560337E+00
      0.27200000E+01      0.49711342E-01      0.31530892E+00      0.13533328E+00
      0.27300000E+01      0.49624160E-01      0.31502055E+00      0.13508861E+00
      0.27400000E+01      0.49534290E-01      0.31472623E+00      0.13486867E+00
      0.27500000E+01      0.49441927E-01      0.31442644E+00      0.13467225E+00
      0.27600000E+01      0.49347318E-01      0.31412176E+00      0.13449767E+00
      0.27700000E+01      0.49250753E-01      0.31381291E+00      0.13434289E+00
      0.27800000E+01      0.49152552E-01      0.31350067E+00      0.13420556E+00
      0.27900000E+01      0.49053051E-01      0.31318586E+00      0.13408315E+00
      0.28000000E+01      0.48952592E-01      0.31286932E+00      0.13397304E+00
      0.28100000E+01      0.48851511E-01      0.31255184E+00      0.13387264E+00
      0.28200000E+01      0.48750122E-01      0.31223418E+00      0.13377943E+00
      0.28300000E+01      0.48648716E-01      0.31191700E+00      0.13369110E+00
      0.28400000E+01      0.48547549E-01      0.31160090E+00      0.13360555E+00
      0.28500000E+01      0.48446838E-01      0.31128635E+00      0.13352100E+00
      0.28600000E+01      0.48346762E-01      0.31097376E+00      0.13343596E+00
      0.28700000E+01      0.48247457E-01      0.31066346E+00      0.13334930E+00
      0.28800000E+01      0.48149023E-01      0.31035570E+00      0.13326023E+00
      0.28900000E+01      0.48051522E-01      0.31005066E+00      0.13316826E+00
      0.29000000E+01      0.47954985E-01      0.30974846E+00      0.13307324E+00
      0.29100000E+01      0.47859413E-01      0.30944916E+00      0.13297527E+00
      0.29200000E+01      0.47764783E-01      0.30915277E+00      0.13287469E+00
      0.29300000E+01      0.47671051E-01      0.30885924E+00      0.13277205E+00
      0.29400000E+01      0.47578158E-01      0.30856846E+00      0.13266803E+00
      0.29500000E+01      0.47486035E-01      0.30828025E+00      0.13256343E+00
      0.29600000E+01      0.47394604E-01      0.30799441E+00      0.13245911E+00
      0.29700000E+01      0.47303782E-01      0.30771068E+00      0.13235597E+00
      0.29800000E+01      0.47213488E-01      0.30742879E+00      0.13225487E+00
      0.29900000E+01      0.47123639E-01      0.30714842E+00      0.13215668E+00
      0.30000000E+01      0.47034161E-01      0.30686928E+00      0.13206220E+00
      0.30100000E+01      0.46944981E-01      0.30659104E+00      0.13197214E+00
      0.30200000E+01      0.46856034E-01      0.30631341E+00      0.13188716E+00
      0.30300000E+01      0.46767261E-01      0.30603607E+00      0.13180779E+00
      0.30400000E+01      0.46678609E-01      0.30575874E+00      0.13173452E+00
      0.30500000E+01      0.46590029E-01      0.30548112E+00      0.13166772E+00
      0.30600000E+01      0.46501472E-01      0.30520293E+00      0.13160770E+00
      0.30700000E+01      0.46412893E-01      0.30492386E+00      0.13155470E+00
      0.30800000E+01      0.46324241E-01      0.30464356E+00      0.13150894E+00
      0.30900000E+01      0.46235458E-01      0.30436168E+00      0.13147057E+00
      0.31000000E+01      0.46146479E-01      0.30407781E+00      0.13143977E+00
      0.31100000E+01      0.46057230E-01      0.30379151E+00      0.13141672E+00
      0.31200000E+01      0.45967623E-01      0.30350230E+00      0.13140163E+00
      0.31300000E+01      0.45877559E-01      0.30320968E+00      0.13139478E+00
      0.31400000E+01      0.45786927E-01      0.30291314E+00      0.13139650E+00
      0.31500000E+01      0.45695609E-01      0.30261217E+00      0.13140720E+00
      0.31600000E+01      0.45603475E-01      0.30230628E+00      0.13142736E+00
      0.31700000E+01      0.45510391E-01      0.30199500E+00      0.13145754E+00
      0.31800000E+01      0.45416220E-01      0.30167788E+00      0.13149837E+00
      0.31900000E+01      0.45320824E-01      0.30135454E+00      0.13155049E+00
      0.32000000E+01      0.45224073E-01      0.30102461E+00      0.13161455E+00
      0.32100000E+01      0.45125843E-01      0.30068783E+00      0.13169117E+00
      0.32200000E+01      0.45026029E-01      0.30034396E+00      0.13178084E+00
      0.32300000E+01      0.44924548E-01      0.29999288E+00      0.13188394E+00
      0.32400000E+01      0.44821347E-01      0.29963456E+00      0.13200061E+00
      0.32500000E+01      0.44716409E-01      0.29926911E+00      0.13213074E+00
      0.32600000E+01      0.44609760E-01      0.29889674E+00      0.13227391E+00
      0.32700000E+01      0.44501477E-01      0.29851783E+00      0.13242930E+00
      0.32800000E+01      0.44391687E-01      0.29813291E+00      0.13259574E+00
      0.32900000E+01      0.44280570E-01      0.29774268E+00      0.13277161E+00
      0.33000000E+01      0.44168364E-01      0.29734799E+00      0.13295489E+00
      0.33100000E+01      0.44055356E-01      0.29694986E+00      0.13314314E+00
      0.33200000E+01      0.43941886E-01      0.29654947E+00      0.13333357E+00
      0.33300000E+01      0.43828332E-01      0.29614812E+00      0.13352306E+00
      0.33400000E+01      0.43715112E-01      0.29574724E+00      0.13370822E+00
      0.33500000E+01      0.43602668E-01      0.29534833E+00      0.13388551E+00
      0.33600000E+01      0.43491456E-01      0.29495298E+00      0.13405126E+00
      0.33700000E+01      0.43381937E-01      0.29456277E+00      0.13420182E+00
      0.33800000E+01      0.43274564E-01      0.29417926E+00      0.13433362E+00
      0.33900000E+01      0.43169769E-01      0.29380397E+00      0.13444324E+00
      0.34000000E+01      0.43067951E-01      0.29343830E+00      0.13452755E+00
      0.34100000E+01      0.42969467E-01      0.29308354E+00      0.13458375E+00
      0.34200000E+01      0.42874626E-01      0.29274080E+00      0.13460943E+00
      0.34300000E+01      0.42783676E-01      0.29241102E+00      0.13460261E+00
      0.34400000E+01      0.42696805E-01      0.29209493E+00      0.13456181E+00
      0.34500000E+01      0.42614139E-01      0.29179308E+00      0.13448603E+00
      0.34600000E+01      0.42535739E-01      0.29150580E+00      0.13437478E+00
      0.34700000E+01      0.42461605E-01      0.29123324E+00      0.13422803E+00
      0.34800000E+01      0.42391682E-01      0.29097536E+00      0.13404623E+00
      0.34900000E+01      0.42325865E-01      0.29073196E+00      0.13383021E+00
      0.35000000E+01      0.42264001E-01      0.29050267E+00      0.13358119E+00
      0.35100000E+01      0.42205902E-01      0.29028700E+00      0.13330068E+00
      0.35200000E+01      0.42151350E-01      0.29008430E+00      0.13299046E+00
      0.35300000E+01      0.42100099E-01      0.28989384E+00      0.13265250E+00
      0.35400000E+01      0.42051888E-01      0.28971476E+00      0.13228890E+00
      0.35500000E+01      0.42006440E-01      0.28954611E+00      0.13190188E+00
      0.35600000E+01      0.41963473E-01      0.28938690E+00      0.13149372E+00
      0.35700000E+01      0.41922697E-01      0.28923605E+00      0.13106671E+00
      0.35800000E+01      0.41883816E-01      0.28909244E+00      0.13062319E+00
      0.35900000E+01      0.41846534E-01      0.28895492E+00      0.13016550E+00
      0.36000000E+01      0.41810548E-01      0.28882227E+00      0.12969601E+00
      0.36100000E+01      0.41775549E-01      0.28869326E+00      0.12921712E+00
      0.36200000E+01      0.41741219E-01      0.28856661E+00      0.12873126E+00
      0.36300000E+01      0.41707229E-01      0.28844099E+00      0.12824095E+00
      0.36400000E+01      0.41673239E-01      0.28831505E+00      0.12774877E+00
      0.36500000E+01      0.41638895E-01      0.28818739E+00      0.12725742E+00
      0.36600000E+01      0.41603837E-01      0.28805664E+00      0.12676965E+00
      0.36700000E+01      0.41567697E-01      0.28792142E+00      0.12628830E+00
      0.36800000E+01      0.41530109E-01      0.28778041E+00      0.12581627E+00
      0.36900000E+01      0.41490711E-01      0.28763236E+00      0.12535645E+00
      0.37000000E+01      0.41449158E-01      0.28747610E+00      0.12491172E+00
      0.37100000E+01      0.41405124E-01      0.28731056E+00      0.12448486E+00
      0.37200000E+01      0.41358312E-01      0.28713480E+00      0.12407848E+00
      0.37300000E+01      0.41308462E-01      0.28694800E+00      0.12369500E+00
      0.37400000E+01      0.41255356E-01      0.28674949E+00      0.12333652E+00
      0.37500000E+01      0.41198826E-01      0.28653874E+00      0.12300481E+00
      0.37600000E+01      0.41138755E-01      0.28631543E+00      0.12270125E+00
      0.37700000E+01      0.41075087E-01      0.28607938E+00      0.12242674E+00
      0.37800000E+01      0.41007823E-01      0.28583063E+00      0.12218177E+00
      0.37900000E+01      0.40937022E-01      0.28556939E+00      0.12196629E+00
      0.38000000E+01      0.40862800E-01      0.28529606E+00      0.12177983E+00
      0.38100000E+01      0.40785327E-01      0.28501121E+00      0.12162144E+00
      0.38200000E+01      0.40704818E-01      0.28471555E+00      0.12148976E+00
      0.38300000E+01      0.40621527E-01      0.28440991E+00      0.12138305E+00
      0.38400000E+01      0.40535743E-01      0.28409524E+00      0.12129927E+00
      0.38500000E+01      0.40447777E-01      0.28377254E+00      0.12123613E+00
      0.38600000E+01      0.40357957E-01      0.28344288E+00      0.12119115E+00
      0.38700000E+01      0.40266618E-01      0.28310736E+00      0.12116174E+00
      0.38800000E+01      0.40174097E-01      0.28276707E+00      0.12114527E+00
      0.38900000E+01      0.40080726E-01      0.28242307E+00      0.12113909E+00
      0.39000000E+01      0.39986825E-01      0.28207642E+00      0.12114066E+00
      0.39100000E+01      0.39892696E-01      0.28172808E+00      0.12114752E+00
      0.39200000E+01      0.39798624E-01      0.28137900E+00      0.12115739E+00
      0.39300000E+01      0.39704872E-01      0.28103002E+00      0.12116817E+00
      0.39400000E+01      0.39611676E-01      0.28068195E+00      0.12117796E+00
      0.39500000E+01      0.39519252E-01      0.28033550E+00      0.12118509E+00
      0.39600000E+01      0.39427790E-01      0.27999133E+00      0.12118812E+00
      0.39700000E+01      0.39337459E-01      0.27965005E+00      0.12118582E+00
      0.39800000E+01      0.39248407E-01      0.27931221E+00      0.12117718E+00
      0.39900000E+01      0.39160766E-01      0.27897833E+00      0.12116139E+00
      0.40000000E+01      0.39074650E-01      0.27864889E+00      0.12113783E+00
      0.40100000E+01      0.38990161E-01      0.27832436E+00      0.12110602E+00
      0.40200000E+01      0.38907389E-01      0.27800518E+00      0.12106565E+00
      0.40300000E+01      0.38826411E-01      0.27769177E+00      0.12101651E+00
      0.40400000E+01      0.38747298E-01      0.27738452E+00      0.12095849E+00
      0.40500000E+01      0.38670107E-01      0.27708377E+00      0.12089157E+00
      0.40600000E+01      0.38594884E-01      0.27678984E+00      0.12081580E+00
      0.40700000E+01      0.38521665E-01      0.27650297E+00      0.12073126E+00
      0.40800000E+01      0.38450469E-01      0.27622335E+00      0.12063812E+00
      0.40900000E+01      0.38381305E-01      0.27595110E+00      0.12053655E+00
      0.41000000E+01      0.38314163E-01      0.27568627E+00      0.12042679E+00
      0.41100000E+01      0.38249016E-01      0.27542884E+00      0.12030908E+00
      0.41200000E+01      0.38185822E-01      0.27517870E+00      0.12018373E+00
      0.41300000E+01      0.38124519E-01      0.27493568E+00      0.12005109E+00
      0.41400000E+01      0.38065025E-01      0.27469950E+00      0.11991152E+00
      0.41500000E+01      0.38007239E-01      0.27446980E+00      0.11976546E+00
      0.41600000E+01      0.37951039E-01      0.27424615E+00      0.11961340E+00
      0.41700000E+01      0.37896286E-01      0.27402802E+00      0.11945586E+00
      0.41800000E+01      0.37842822E-01      0.27381484E+00      0.11929343E+00
      0.41900000E+01      0.37790475E-01      0.27360596E+00      0.11912675E+00
      0.42000000E+01      0.37739061E-01      0.27340074E+00      0.11895648E+00
      0.42100000E+01      0.37688390E-01      0.27319851E+00      0.11878335E+00
      0.42200000E+01      0.37638271E-01      0.27299861E+00      0.11860807E+00
      0.42300000E+01      0.37588512E-01      0.27280042E+00      0.11843140E+00
      0.42400000E+01      0.37538931E-01      0.27260335E+00      0.11825406E+00
      0.42500000E+01      0.37489353E-01      0.27240688E+00      0.11807677E+00
      0.42600000E+01      0.37439617E-01      0.27221051E+00      0.11790018E+00
      0.42700000E+01      0.37389575E-01      0.27201381E+00      0.11772492E+00
      0.42800000E+01      0.37339100E-01      0.27181640E+00      0.11755153E+00
      0.42900000E+01      0.37288079E-01      0.27161793E+00      0.11738048E+00
      0.43000000E+01      0.37236419E-01      0.27141813E+00      0.11721213E+00
      0.43100000E+01      0.37184046E-01      0.27121675E+00      0.11704679E+00
      0.43200000E+01      0.37130904E-01      0.27101358E+00      0.11688466E+00
      0.43300000E+01      0.37076952E-01      0.27080844E+00      0.11672588E+00
      0.43400000E+01      0.37022164E-01      0.27060119E+00      0.11657049E+00
      0.43500000E+01      0.36966527E-01      0.27039167E+00      0.11641852E+00
      0.43600000E+01      0.36910035E-01      0.27017978E+00      0.11626994E+00
      0.43700000E+01      0.36852694E-01      0.26996541E+00      0.11612468E+00
      0.43800000E+01      0.36794514E-01      0.26974846E+00      0.11598270E+00
      0.43900000E+01      0.36735511E-01      0.26952886E+00      0.11584392E+00
      0.44000000E+01      0.36675707E-01      0.26930658E+00      0.11570828E+00
      0.44100000E+01      0.36615128E-01      0.26908159E+00      0.11557575E+00
      0.44200000E+01      0.36553807E-01      0.26885390E+00      0.11544628E+00
      0.44300000E+01      0.36491781E-01      0.26862356E+00      0.11531982E+00
      0.44400000E+01      0.36429095E-01      0.26839066E+00      0.11519632E+00
      0.44500000E+01      0.36365802E-01      0.26815532E+00      0.11507570E+00
      0.44600000E+01      0.36301961E-01      0.26791770E+00      0.11495783E+00
      0.44700000E+01      0.36237643E-01      0.26767800E+00      0.11484252E+00
      0.44800000E+01      0.36172928E-01      0.26743648E+00      0.11472952E+00
      0.44900000E+01      0.36107906E-01      0.26719344E+00      0.11461848E+00
      0.45000000E+01      0.36042675E-01      0.26694920E+00      0.11450897E+00
      0.45100000E+01      0.35977345E-01      0.26670415E+00      0.11440045E+00
      0.45200000E+01      0.35912032E-01      0.26645870E+00      0.11429231E+00
      0.45300000E+01      0.35846856E-01      0.26621330E+00      0.11418383E+00
      0.45400000E+01      0.35781944E-01      0.26596841E+00      0.11407425E+00
      0.45500000E+01      0.35717418E-01      0.26572449E+00      0.11396275E+00
      0.45600000E+01      0.35653400E-01      0.26548201E+00      0.11384850E+00
      0.45700000E+01      0.35590002E-01      0.26524140E+00      0.11373067E+00
      0.45800000E+01      0.35527324E-01      0.26500306E+00      0.11360847E+00
      0.45900000E+01      0.35465454E-01      0.26476732E+00      0.11348118E+00
      0.46000000E+01      0.35404457E-01      0.26453444E+00      0.11334818E+00
      0.46100000E+01      0.35344380E-01      0.26430460E+00      0.11320896E+00
      0.46200000E+01      0.35285245E-01      0.26407790E+00      0.11306317E+00
      0.46300000E+01      0.35227050E-01      0.26385432E+00      0.11291061E+00
      0.46400000E+01      0.35169770E-01      0.26363377E+00      0.11275126E+00
      0.46500000E+01      0.35113355E-01      0.26341606E+00      0.11258526E+00
      0.46600000E+01      0.35057735E-01      0.26320093E+00      0.11241296E+00
      0.46700000E+01      0.35002820E-01      0.26298803E+00      0.11223486E+00
      0.46800000E+01      0.34948504E-01      0.26277698E+00      0.11205163E+00
      0.46900000E+01      0.34894668E-01      0.26256732E+00      0.11186408E+00
      0.47000000E+01      0.34841182E-01      0.26235857E+00      0.11167313E+00
      0.47100000E+01      0.34787912E-01      0.26215024E+00      0.11147982E+00
      0.47200000E+01      0.34734722E-01      0.26194180E+00      0.11128525E+00
      0.47300000E+01      0.34681478E-01      0.26173275E+00      0.11109057E+00
      0.47400000E+01      0.34628050E-01      0.26152260E+00      0.11089693E+00
      0.47500000E+01      0.34574315E-01      0.26131087E+00      0.11070548E+00
      0.47600000E+01      0.34520163E-01      0.26109714E+00      0.11051735E+00
      0.47700000E+01      0.34465496E-01      0.26088100E+00      0.11033357E+00
      0.47800000E+01      0.34410228E-01      0.26066213E+00      0.11015513E+00
      0.47900000E+01      0.34354290E-01      0.26044022E+00      0.10998290E+00
      0.48000000E+01      0.34297628E-01      0.26021505E+00      0.10981767E+00
      0.48100000E+01      0.34240203E-01      0.25998646E+00      0.10966008E+00
      0.48200000E+01      0.34181992E-01      0.25975432E+00      0.10951068E+00
      0.48300000E+01      0.34122989E-01      0.25951859E+00      0.10936987E+00
      0.48400000E+01      0.34063199E-01      0.25927928E+00      0.10923794E+00
      0.48500000E+01      0.34002644E-01      0.25903645E+00      0.10911506E+00
      0.48600000E+01      0.33941356E-01      0.25879020E+00      0.10900128E+00
      0.48700000E+01      0.33879380E-01      0.25854069E+00      0.10889651E+00
      0.48800000E+01      0.33816771E-01      0.25828809E+00      0.10880058E+00
      0.48900000E+01      0.33753592E-01      0.25803263E+00      0.10871320E+00
      0.49000000E+01      0.33689918E-01      0.25777457E+00      0.10863398E+00
      0.49100000E+01      0.33625829E-01      0.25751418E+00      0.10856244E+00
      0.49200000E+01      0.33561415E-01      0.25725178E+00      0.10849801E+00
      0.49300000E+01      0.33496772E-01      0.25698770E+00      0.10844005E+00
      0.49400000E+01      0.33432000E-01      0.25672233E+00      0.10838785E+00
      0.49500000E+01      0.33367206E-01      0.25645605E+00      0.10834063E+00
      0.49600000E+01      0.33302499E-01      0.25618930E+00      0.10829761E+00
      0.49700000E+01      0.33237990E-01      0.25592251E+00      0.10825797E+00
      0.49800000E+01      0.33173789E-01      0.25565613E+00      0.10822088E+00
      0.49900000E+01      0.33110001E-01      0.25539061E+00      0.10818557E+00
      0.50000000E+01      0.33046728E-01      0.25512640E+00      0.10815131E+00
      0.50100000E+01      0.32984059E-01      0.25486391E+00      0.10811743E+00
      0.50200000E+01      0.32922070E-01      0.25460351E+00      0.10808339E+00
      0.50300000E+01      0.32860823E-01      0.25434553E+00      0.10804878E+00
      0.50400000E+01      0.32800359E-01      0.25409024E+00      0.10801333E+00
      0.50500000E+01      0.32740699E-01      0.25383781E+00      0.10797694E+00
      0.50600000E+01      0.32681840E-01      0.25358836E+00      0.10793970E+00
      0.50700000E+01      0.32623756E-01      0.25334190E+00      0.10790187E+00
      0.50800000E+01      0.32566397E-01      0.25309836E+00      0.10786391E+00
      0.50900000E+01      0.32509690E-01      0.25285759E+00      0.10782644E+00
      0.51000000E+01      0.32453543E-01      0.25261936E+00      0.10779024E+00
      0.51100000E+01      0.32397846E-01      0.25238336E+00      0.10775623E+00
      0.51200000E+01      0.32342473E-01      0.25214924E+00      0.10772541E+00
      0.51300000E+01      0.32287292E-01      0.25191658E+00      0.10769887E+00
      0.51400000E+01      0.32232160E-01      0.25168494E+00      0.10767770E+00
      0.51500000E+01      0.32176937E-01      0.25145388E+00      0.10766299E+00
      0.51600000E+01      0.32121486E-01      0.25122291E+00      0.10765576E+00
      0.51700000E+01      0.32065676E-01      0.25099162E+00      0.10765693E+00
      0.51800000E+01      0.32009390E-01      0.25075956E+00      0.10766728E+00
      0.51900000E+01      0.31952528E-01      0.25052638E+00      0.10768743E+00
      0.52000000E+01      0.31895006E-01      0.25029175E+00      0.10771780E+00
      0.52100000E+01      0.31836766E-01      0.25005542E+00      0.10775856E+00
      0.52200000E+01      0.31777770E-01      0.24981721E+00      0.10780969E+00
      0.52300000E+01      0.31718006E-01      0.24957702E+00      0.10787090E+00
      0.52400000E+01      0.31657488E-01      0.24933484E+00      0.10794167E+00
      0.52500000E+01      0.31596254E-01      0.24909072E+00      0.10802124E+00
      0.52600000E+01      0.31534366E-01      0.24884482E+00      0.10810862E+00
      0.52700000E+01      0.31471911E-01      0.24859737E+00      0.10820265E+00
      0.52800000E+01      0.31408993E-01      0.24834867E+00      0.10830194E+00
      0.52900000E+01      0.31345737E-01      0.24809910E+00      0.10840500E+00
      0.53000000E+01      0.31282283E-01      0.24784910E+00      0.10851017E+00
      0.53100000E+01      0.31218785E-01      0.24759915E+00      0.10861573E+00
      0.53200000E+01      0.31155402E-01      0.24734978E+00      0.10871988E+00
      0.53300000E+01      0.31092304E-01      0.24710155E+00      0.10882081E+00
      0.53400000E+01      0.31029660E-01      0.24685503E+00      0.10891672E+00
      0.53500000E+01      0.30967639E-01      0.24661080E+00      0.10900584E+00
      0.53600000E+01      0.30906404E-01      0.24636943E+00      0.10908648E+00
      0.53700000E+01      0.30846111E-01      0.24613146E+00      0.10915706E+00
      0.53800000E+01      0.30786902E-01      0.24589741E+00      0.10921616E+00
      0.53900000E+01      0.30728905E-01      0.24566774E+00      0.10926251E+00
      0.54000000E+01      0.30672226E-01      0.24544284E+00      0.10929503E+00
      0.54100000E+01      0.30616953E-01      0.24522303E+00      0.10931287E+00
      0.54200000E+01      0.30563149E-01      0.24500857E+00      0.10931542E+00
      0.54300000E+01      0.30510850E-01      0.24479958E+00      0.10930231E+00
      0.54400000E+01      0.30460066E-01      0.24459613E+00      0.10927343E+00
      0.54500000E+01      0.30410781E-01      0.24439817E+00      0.10922893E+00
      0.54600000E+01      0.30362952E-01      0.24420555E+00      0.10916921E+00
      0.54700000E+01      0.30316509E-01      0.24401807E+00      0.10909490E+00
      0.54800000E+01      0.30271364E-01      0.24383540E+00      0.10900688E+00
      0.54900000E+01      0.30227405E-01      0.24365717E+00      0.10890618E+00
      0.55000000E+01      0.30184505E-01      0.24348296E+00      0.10879402E+00
      0.55100000E+01      0.30142527E-01      0.24331230E+00      0.10867174E+00
      0.55200000E+01      0.30101326E-01      0.24314470E+00      0.10854075E+00
      0.55300000E+01      0.30060752E-01      0.24297967E+00      0.10840249E+00
      0.55400000E+01      0.30020659E-01      0.24281672E+00      0.10825841E+00
      0.55500000E+01      0.29980907E-01      0.24265537E+00      0.10810989E+00
      0.55600000E+01      0.29941365E-01      0.24249519E+00      0.10795823E+00
      0.55700000E+01      0.29901913E-01      0.24233578E+00      0.10780460E+00
      0.55800000E+01      0.29862449E-01      0.24217679E+00      0.10765002E+00
      0.55900000E+01      0.29822885E-01      0.24201791E+00      0.10749535E+00
      0.56000000E+01      0.29783150E-01      0.24185889E+00      0.10734124E+00
      0.56100000E+01      0.29743191E-01      0.24169949E+00      0.10718817E+00
      0.56200000E+01      0.29702969E-01      0.24153955E+00      0.10703645E+00
      0.56300000E+01      0.29662460E-01      0.24137892E+00      0.10688623E+00
      0.56400000E+01      0.29621649E-01      0.24121749E+00      0.10673750E+00
      0.56500000E+01      0.29580532E-01      0.24105516E+00      0.10659014E+00
      0.56600000E+01      0.29539112E-01      0.24089183E+00      0.10644396E+00
      0.56700000E+01      0.29497394E-01      0.24072745E+00      0.10629869E+00
      0.56800000E+01      0.29455386E-01      0.24056193E+00      0.10615405E+00
      0.56900000E+01      0.29413096E-01      0.24039522E+00      0.10600975E+00
      0.57000000E+01      0.29370530E-01      0.24022724E+00      0.10586552E+00
      0.57100000E+01      0.29327693E-01      0.24005793E+00      0.10572113E+00
      0.57200000E+01      0.29284584E-01      0.23988724E+00      0.10557640E+00
      0.57300000E+01      0.29241205E-01      0.23971511E+00      0.10543120E+00
      0.57400000E+01      0.29197554E-01      0.23954151E+00      0.10528545E+00
      0.57500000E+01      0.29153627E-01      0.23936642E+00      0.10513912E+00
      0.57600000E+01      0.29109424E-01      0.23918982E+00      0.10499223E+00
      0.57700000E+01      0.29064945E-01      0.23901173E+00      0.10484480E+00
      0.57800000E+01      0.29020196E-01      0.23883221E+00      0.10469688E+00
      0.57900000E+01      0.28975186E-01      0.23865133E+00      0.10454853E+00
      0.58000000E+01      0.28929931E-01      0.23846919E+00      0.10439978E+00
      0.58100000E+01      0.28884451E-01      0.23828592E+00      0.10425065E+00
      0.58200000E+01      0.28838773E-01      0.23810168E+00      0.10410116E+00
      0.58300000E+01      0.28792931E-01      0.23791662E+00      0.10395131E+00
      0.58400000E+01      0.28746959E-01      0.23773093E+00      0.10380107E+00
      0.58500000E+01      0.28700896E-01      0.23754479E+00      0.10365044E+00
      0.58600000E+01      0.28654780E-01      0.23735836E+00      0.10349943E+00
      0.58700000E+01      0.28608647E-01      0.23717180E+00      0.10334808E+00
      0.58800000E+01      0.28562530E-01      0.23698521E+00      0.10319648E+00
      0.58900000E+01      0.28516454E-01      0.23679868E+00      0.10304482E+00
      0.59000000E+01      0.28470435E-01      0.23661224E+00      0.10289335E+00
      0.59100000E+01      0.28424480E-01      0.23642587E+00      0.10274241E+00
      0.59200000E+01      0.28378583E-01      0.23623950E+00      0.10259247E+00
      0.59300000E+01      0.28332730E-01      0.23605299E+00      0.10244410E+00
      0.59400000E+01      0.28286891E-01      0.23586618E+00      0.10229796E+00
      0.59500000E+01      0.28241031E-01      0.23567886E+00      0.10215479E+00
      0.59600000E+01      0.28195106E-01      0.23549082E+00      0.10201542E+00
      0.59700000E+01      0.28149065E-01      0.23530181E+00      0.10188070E+00
      0.59800000E+01      0.28102857E-01      0.23511161E+00      0.10175147E+00
      0.59900000E+01      0.28056435E-01      0.23492003E+00      0.10162858E+00
      0.60000000E+01      0.28009753E-01      0.23472689E+00      0.10151277E+00
      0.60100000E+01      0.27962776E-01      0.23453207E+00      0.10140470E+00
      0.60200000E+01      0.27915480E-01      0.23433549E+00      0.10130489E+00
      0.60300000E+01      0.27867853E-01      0.23413714E+00      0.10121366E+00
      0.60400000E+01      0.27819900E-01      0.23393708E+00      0.10113117E+00
      0.60500000E+01      0.27771644E-01      0.23373540E+00      0.10105733E+00
      0.60600000E+01      0.27723124E-01      0.23353228E+00      0.10099183E+00
      0.60700000E+01      0.27674397E-01      0.23332795E+00      0.10093414E+00
      0.60800000E+01      0.27625535E-01      0.23312271E+00      0.10088350E+00
      0.60900000E+01      0.27576627E-01      0.23291689E+00      0.10083895E+00
      0.61000000E+01      0.27527773E-01      0.23271089E+00      0.10079935E+00
      0.61100000E+01      0.27479083E-01      0.23250511E+00      0.10076341E+00
      0.61200000E+01      0.27430673E-01      0.23229999E+00      0.10072975E+00
      0.61300000E+01      0.27382660E-01      0.23209597E+00      0.10069691E+00
      0.61400000E+01      0.27335160E-01      0.23189347E+00      0.10066342E+00
      0.61500000E+01      0.27288280E-01      0.23169290E+00      0.10062785E+00
      0.61600000E+01      0.27242120E-01      0.23149461E+00      0.10058883E+00
      0.61700000E+01      0.27196761E-01      0.23129892E+00      0.10054514E+00
      0.61800000E+01      0.27152268E-01      0.23110607E+00      0.10049569E+00
      0.61900000E+01      0.27108686E-01      0.23091622E+00      0.10043961E+00
      0.62000000E+01      0.27066036E-01      0.23072947E+00      0.10037624E+00
      0.62100000E+01      0.27024315E-01      0.23054585E+00      0.10030516E+00
      0.62200000E+01      0.26983497E-01      0.23036528E+00      0.10022622E+00
      0.62300000E+01      0.26943532E-01      0.23018762E+00      0.10013951E+00
      0.62400000E+01      0.26904345E-01      0.23001266E+00      0.10004536E+00
      0.62500000E+01      0.26865843E-01      0.22984010E+00      0.99944363E-01
      0.62600000E+01      0.26827913E-01      0.22966958E+00      0.99837310E-01
      0.62700000E+01      0.26790425E-01      0.22950069E+00      0.99725185E-01
      0.62800000E+01      0.26753239E-01      0.22933297E+00      0.99609123E-01
      0.62900000E+01      0.26716206E-01      0.22916591E+00      0.99490372E-01
      0.63000000E+01      0.26679175E-01      0.22899900E+00      0.99370251E-01
      0.63100000E+01      0.26641993E-01      0.22883172E+00      0.99250105E-01
      0.63200000E+01      0.26604517E-01      0.22866356E+00      0.99131254E-01
      0.63300000E+01      0.26566610E-01      0.22849405E+00      0.99014949E-01
      0.63400000E+01      0.26528153E-01      0.22832276E+00      0.98902327E-01
      0.63500000E+01      0.26489045E-01      0.22814932E+00      0.98794370E-01
      0.63600000E+01      0.26449205E-01      0.22797344E+00      0.98691864E-01
      0.63700000E+01      0.26408581E-01      0.22779491E+00      0.98595372E-01
      0.63800000E+01      0.26367145E-01      0.22761361E+00      0.98505206E-01
      0.63900000E+01      0.26324899E-01      0.22742953E+00      0.98421412E-01
      0.64000000E+01      0.26281873E-01      0.22724276E+00      0.98343765E-01
      0.64100000E+01      0.26238127E-01      0.22705349E+00      0.98271765E-01
      0.64200000E+01      0.26193747E-01      0.22686201E+00      0.98204652E-01
      0.64300000E+01      0.26148845E-01      0.22666872E+00      0.98141425E-01
      0.64400000E+01      0.26103555E-01      0.22647410E+00      0.98080874E-01
      0.64500000E+01      0.26058030E-01      0.22627869E+00      0.98021612E-01
      0.64600000E+01      0.26012437E-01      0.22608312E+00      0.97962122E-01
      0.64700000E+01      0.25966951E-01      0.22588805E+00      0.97900807E-01
      0.64800000E+01      0.25921753E-01      0.22569415E+00      0.97836043E-01
      0.64900000E+01      0.25877019E-01      0.22550211E+00      0.97766232E-01
      0.65000000E+01      0.25832920E-01      0.22531258E+00      0.97689859E-01
      0.65100000E+01      0.25789613E-01      0.22512617E+00      0.97605544E-01
      0.65200000E+01      0.25747237E-01      0.22494343E+00      0.97512088E-01
      0.65300000E+01      0.25705906E-01      0.22476481E+00      0.97408519E-01
      0.65400000E+01      0.25665711E-01      0.22459065E+00      0.97294121E-01
      0.65500000E+01      0.25626712E-01      0.22442121E+00      0.97168464E-01
      0.65600000E+01      0.25588940E-01      0.22425659E+00      0.97031415E-01
      0.65700000E+01      0.25552394E-01      0.22409681E+00      0.96883142E-01
      0.65800000E+01      0.25517045E-01      0.22394175E+00      0.96724112E-01
      0.65900000E+01      0.25482836E-01      0.22379118E+00      0.96555066E-01
      0.66000000E+01      0.25449684E-01      0.22364480E+00      0.96376998E-01
      0.66100000E+01      0.25417487E-01      0.22350219E+00      0.96191117E-01
      0.66200000E+01      0.25386123E-01      0.22336291E+00      0.95998807E-01
      0.66300000E+01      0.25355461E-01      0.22322641E+00      0.95801578E-01
      0.66400000E+01      0.25325359E-01      0.22309215E+00      0.95601018E-01
      0.66500000E+01      0.25295674E-01      0.22295954E+00      0.95398741E-01
      0.66600000E+01      0.25266265E-01      0.22282800E+00      0.95196339E-01
      0.66700000E+01      0.25236992E-01      0.22269695E+00      0.94995340E-01
      0.66800000E+01      0.25207729E-01      0.22256584E+00      0.94797162E-01
      0.66900000E+01      0.25178359E-01      0.22243416E+00      0.94603087E-01
      0.67000000E+01      0.25148778E-01      0.22230143E+00      0.94414231E-01
      0.67100000E+01      0.25118900E-01      0.22216724E+00      0.94231529E-01
      0.67200000E+01      0.25088653E-01      0.22203124E+00      0.94055729E-01
      0.67300000E+01      0.25057981E-01      0.22189313E+00      0.93887389E-01
      0.67400000E+01      0.25026846E-01      0.22175270E+00      0.93726890E-01
      0.67500000E+01      0.24995220E-01      0.22160978E+00      0.93574447E-01
      0.67600000E+01      0.24963090E-01      0.22146425E+00      0.93430132E-01
      0.67700000E+01      0.24930453E-01      0.22131605E+00      0.93293896E-01
      0.67800000E+01      0.24897311E-01      0.22116515E+00      0.93165600E-01
      0.67900000E+01      0.24863675E-01      0.22101155E+00      0.93045037E-01
      0.68000000E+01      0.24829555E-01      0.22085526E+00      0.92931961E-01
      0.68100000E+01      0.24794966E-01      0.22069631E+00      0.92826112E-01
      0.68200000E+01      0.24759919E-01      0.22053473E+00      0.92727235E-01
      0.68300000E+01      0.24724426E-01      0.22037057E+00      0.92635100E-01
      0.68400000E+01      0.24688493E-01      0.22020384E+00      0.92549514E-01
      0.68500000E+01      0.24652125E-01      0.22003457E+00      0.92470329E-01
      0.68600000E+01      0.24615324E-01      0.21986277E+00      0.92397447E-01
      0.68700000E+01      0.24578087E-01      0.21968846E+00      0.92330817E-01
      0.68800000E+01      0.24540410E-01      0.21951162E+00      0.92270436E-01
      0.68900000E+01      0.24502288E-01      0.21933226E+00      0.92216334E-01
      0.69000000E+01      0.24463714E-01      0.21915037E+00      0.92168570E-01
      0.69100000E+01      0.24424682E-01      0.21896595E+00      0.92127220E-01
      0.69200000E+01      0.24385190E-01      0.21877901E+00      0.92092359E-01
      0.69300000E+01      0.24345235E-01      0.21858957E+00      0.92064054E-01
      0.69400000E+01      0.24304823E-01      0.21839767E+00      0.92042349E-01
      0.69500000E+01      0.24263962E-01      0.21820336E+00      0.92027257E-01
      0.69600000E+01      0.24222668E-01      0.21800675E+00      0.92018746E-01
      0.69700000E+01      0.24180963E-01      0.21780794E+00      0.92016741E-01
      0.69800000E+01      0.24138874E-01      0.21760709E+00      0.92021113E-01
      0.69900000E+01      0.24096438E-01      0.21740436E+00      0.92031686E-01
      0.70000000E+01      0.24053695E-01      0.21719996E+00      0.92048234E-01
      0.70100000E+01      0.24010693E-01      0.21699410E+00      0.92070485E-01
      0.70200000E+01      0.23967483E-01      0.21678704E+00      0.92098132E-01
      0.70300000E+01      0.23924119E-01      0.21657902E+00      0.92130838E-01
      0.70400000E+01      0.23880658E-01      0.21637031E+00      0.92168240E-01
      0.70500000E+01      0.23837160E-01      0.21616118E+00      0.92209964E-01
      0.70600000E+01      0.23793684E-01      0.21595191E+00      0.92255621E-01
      0.70700000E+01      0.23750287E-01      0.21574276E+00      0.92304819E-01
      0.70800000E+01      0.23707028E-01      0.21553401E+00      0.92357162E-01
      0.70900000E+01      0.23663965E-01      0.21532592E+00      0.92412249E-01
      0.71000000E+01      0.23621151E-01      0.21511875E+00      0.92469669E-01
      0.71100000E+01      0.23578643E-01      0.21491277E+00      0.92528999E-01
      0.71200000E+01      0.23536494E-01      0.21470822E+00      0.92589794E-01
      0.71300000E+01      0.23494755E-01      0.21450537E+00      0.92651581E-01
      0.71400000E+01      0.23453482E-01      0.21430446E+00      0.92713846E-01
      0.71500000E+01      0.23412726E-01      0.21410575E+00      0.92776031E-01
      0.71600000E+01      0.23372542E-01      0.21390950E+00      0.92837525E-01
      0.71700000E+01      0.23332984E-01      0.21371597E+00      0.92897659E-01
      0.71800000E+01      0.23294107E-01      0.21352541E+00      0.92955711E-01
      0.71900000E+01      0.23255966E-01      0.21333808E+00      0.93010901E-01
      0.72000000E+01      0.23218618E-01      0.21315423E+00      0.93062407E-01
      0.72100000E+01      0.23182115E-01      0.21297409E+00      0.93109373E-01
      0.72200000E+01      0.23146508E-01      0.21279790E+00      0.93150927E-01
      0.72300000E+01      0.23111846E-01      0.21262587E+00      0.93186204E-01
      0.72400000E+01      0.23078167E-01      0.21245816E+00      0.93214366E-01
      0.72500000E+01      0.23045506E-01      0.21229491E+00      0.93234630E-01
      0.72600000E+01      0.23013885E-01      0.21213622E+00      0.93246296E-01
      0.72700000E+01      0.22983315E-01      0.21198213E+00      0.93248772E-01
      0.72800000E+01      0.22953794E-01      0.21183261E+00      0.93241602E-01
      0.72900000E+01      0.22925302E-01      0.21168758E+00      0.93224487E-01
      0.73000000E+01      0.22897806E-01      0.21154686E+00      0.93197307E-01
      0.73100000E+01      0.22871252E-01      0.21141023E+00      0.93160135E-01
      0.73200000E+01      0.22845572E-01      0.21127737E+00      0.93113244E-01
      0.73300000E+01      0.22820678E-01      0.21114789E+00      0.93057118E-01
      0.73400000E+01      0.22796468E-01      0.21102135E+00      0.92992440E-01
      0.73500000E+01      0.22772822E-01      0.21089722E+00      0.92920093E-01
      0.73600000E+01      0.22749609E-01      0.21077495E+00      0.92841139E-01
      0.73700000E+01      0.22726686E-01      0.21065391E+00      0.92756801E-01
      0.73800000E+01      0.22703904E-01      0.21053345E+00      0.92668436E-01
      0.73900000E+01      0.22681106E-01      0.21041293E+00      0.92577507E-01
      0.74000000E+01      0.22658136E-01      0.21029166E+00      0.92485546E-01
      0.74100000E+01      0.22634838E-01      0.21016898E+00      0.92394119E-01
      0.74200000E+01      0.22611064E-01      0.21004426E+00      0.92304786E-01
      0.74300000E+01      0.22586670E-01      0.20991690E+00      0.92219065E-01
      0.74400000E+01      0.22561526E-01      0.20978634E+00      0.92138391E-01
      0.74500000E+01      0.22535518E-01      0.20965209E+00      0.92064084E-01
      0.74600000E+01      0.22508546E-01      0.20951374E+00      0.91997313E-01
      0.74700000E+01      0.22480528E-01      0.20937094E+00      0.91939072E-01
      0.74800000E+01      0.22451404E-01      0.20922342E+00      0.91890153E-01
      0.74900000E+01      0.22421131E-01      0.20907101E+00      0.91851136E-01
      0.75000000E+01      0.22389688E-01      0.20891361E+00      0.91822375E-01
      0.75100000E+01      0.22357073E-01      0.20875121E+00      0.91803999E-01
      0.75200000E+01      0.22323303E-01      0.20858387E+00      0.91795912E-01
      0.75300000E+01      0.22288412E-01      0.20841172E+00      0.91797808E-01
      0.75400000E+01      0.22252450E-01      0.20823496E+00      0.91809182E-01
      0.75500000E+01      0.22215478E-01      0.20805383E+00      0.91829354E-01
      0.75600000E+01      0.22177570E-01      0.20786863E+00      0.91857490E-01
      0.75700000E+01      0.22138809E-01      0.20767970E+00      0.91892629E-01
      0.75800000E+01      0.22099284E-01      0.20748741E+00      0.91933706E-01
      0.75900000E+01      0.22059091E-01      0.20729216E+00      0.91979583E-01
      0.76000000E+01      0.22018328E-01      0.20709438E+00      0.92029068E-01
      0.76100000E+01      0.21977098E-01      0.20689452E+00      0.92080939E-01
      0.76200000E+01      0.21935503E-01      0.20669306E+00      0.92133962E-01
      0.76300000E+01      0.21893647E-01      0.20649047E+00      0.92186909E-01
      0.76400000E+01      0.21851636E-01      0.20628727E+00      0.92238566E-01
      0.76500000E+01      0.21809575E-01      0.20608396E+00      0.92287746E-01
      0.76600000E+01      0.21767568E-01      0.20588109E+00      0.92333293E-01
      0.76700000E+01      0.21725721E-01      0.20567917E+00      0.92374087E-01
      0.76800000E+01      0.21684136E-01      0.20547873E+00      0.92409046E-01
      0.76900000E+01      0.21642918E-01      0.20528031E+00      0.92437131E-01
      0.77000000E+01      0.21602168E-01      0.20508441E+00      0.92457344E-01
      0.77100000E+01      0.21561985E-01      0.20489154E+00      0.92468736E-01
      0.77200000E+01      0.21522468E-01      0.20470216E+00      0.92470404E-01
      0.77300000E+01      0.21483708E-01      0.20451673E+00      0.92461505E-01
      0.77400000E+01      0.21445796E-01      0.20433568E+00      0.92441257E-01
      0.77500000E+01      0.21408814E-01      0.20415938E+00      0.92408952E-01
      0.77600000E+01      0.21372838E-01      0.20398817E+00      0.92363965E-01
      0.77700000E+01      0.21337936E-01      0.20382237E+00      0.92305766E-01
      0.77800000E+01      0.21304166E-01      0.20366221E+00      0.92233932E-01
      0.77900000E+01      0.21271575E-01      0.20350790E+00      0.92148158E-01
      0.78000000E+01      0.21240199E-01      0.20335958E+00      0.92048270E-01
      0.78100000E+01      0.21210061E-01      0.20321735E+00      0.91934230E-01
      0.78200000E+01      0.21181172E-01      0.20308123E+00      0.91806146E-01
      0.78300000E+01      0.21153526E-01      0.20295121E+00      0.91664275E-01
      0.78400000E+01      0.21127109E-01      0.20282720E+00      0.91509019E-01
      0.78500000E+01      0.21101888E-01      0.20270907E+00      0.91340929E-01
      0.78600000E+01      0.21077823E-01      0.20259662E+00      0.91160690E-01
      0.78700000E+01      0.21054858E-01      0.20248963E+00      0.90969114E-01
      0.78800000E+01      0.21032929E-01      0.20238780E+00      0.90767127E-01
      0.78900000E+01      0.21011962E-01      0.20229081E+00      0.90555749E-01
      0.79000000E+01      0.20991878E-01      0.20219828E+00      0.90336075E-01
      0.79100000E+01      0.20972589E-01      0.20210984E+00      0.90109257E-01
      0.79200000E+01      0.20954005E-01      0.20202505E+00      0.89876480E-01
      0.79300000E+01      0.20936033E-01      0.20194348E+00      0.89638941E-01
      0.79400000E+01      0.20918581E-01      0.20186469E+00      0.89397828E-01
      0.79500000E+01      0.20901556E-01      0.20178821E+00      0.89154301E-01
      0.79600000E+01      0.20884869E-01      0.20171359E+00      0.88909474E-01
      0.79700000E+01      0.20868432E-01      0.20164039E+00      0.88664400E-01
      0.79800000E+01      0.20852164E-01      0.20156815E+00      0.88420060E-01
      0.79900000E+01      0.20835988E-01      0.20149646E+00      0.88177352E-01
      0.80000000E+01      0.20819832E-01      0.20142490E+00      0.87937085E-01
      0.80100000E+01      0.20803629E-01      0.20135309E+00      0.87699978E-01
      0.80200000E+01      0.20787321E-01      0.20128064E+00      0.87466658E-01
      0.80300000E+01      0.20770853E-01      0.20120723E+00      0.87237659E-01
      0.80400000E+01      0.20754175E-01      0.20113254E+00      0.87013433E-01
      0.80500000E+01      0.20737245E-01      0.20105629E+00      0.86794350E-01
      0.80600000E+01      0.20720026E-01      0.20097822E+00      0.86580704E-01
      0.80700000E+01      0.20702485E-01      0.20089813E+00      0.86372725E-01
      0.80800000E+01      0.20684594E-01      0.20081585E+00      0.86170583E-01
      0.80900000E+01      0.20666329E-01      0.20073122E+00      0.85974396E-01
      0.81000000E+01      0.20647673E-01      0.20064414E+00      0.85784237E-01
      0.81100000E+01      0.20628610E-01      0.20055454E+00      0.85600146E-01
      0.81200000E+01      0.20609128E-01      0.20046238E+00      0.85422127E-01
      0.81300000E+01      0.20589219E-01      0.20036763E+00      0.85250165E-01
      0.81400000E+01      0.20568877E-01      0.20027030E+00      0.85084224E-01
      0.81500000E+01      0.20548099E-01      0.20017041E+00      0.84924256E-01
      0.81600000E+01      0.20526883E-01      0.20006799E+00      0.84770206E-01
      0.81700000E+01      0.20505229E-01      0.19996307E+00      0.84622020E-01
      0.81800000E+01      0.20483136E-01      0.19985571E+00      0.84479648E-01
      0.81900000E+01      0.20460606E-01      0.19974593E+00      0.84343052E-01
      0.82000000E+01      0.20437639E-01      0.19963378E+00      0.84212212E-01
      0.82100000E+01      0.20414234E-01      0.19951929E+00      0.84087135E-01
      0.82200000E+01      0.20390390E-01      0.19940246E+00      0.83967857E-01
      0.82300000E+01      0.20366102E-01      0.19928330E+00      0.83854457E-01
      0.82400000E+01      0.20341364E-01      0.19916179E+00      0.83747056E-01
      0.82500000E+01      0.20316165E-01      0.19903788E+00      0.83645828E-01
      0.82600000E+01      0.20290492E-01      0.19891151E+00      0.83551000E-01
      0.82700000E+01      0.20264326E-01      0.19878260E+00      0.83462853E-01
      0.82800000E+01      0.20237645E-01      0.19865101E+00      0.83381725E-01
      0.82900000E+01      0.20210424E-01      0.19851662E+00      0.83308005E-01
      0.83000000E+01      0.20182631E-01      0.19837927E+00      0.83242127E-01
      0.83100000E+01      0.20154236E-01      0.19823878E+00      0.83184559E-01
      0.83200000E+01      0.20125202E-01      0.19809498E+00      0.83135792E-01
      0.83300000E+01      0.20095493E-01      0.19794767E+00      0.83096324E-01
      0.83400000E+01      0.20065073E-01      0.19779666E+00      0.83066639E-01
      0.83500000E+01      0.20033910E-01      0.19764178E+00      0.83047187E-01
      0.83600000E+01      0.20001971E-01      0.19748287E+00      0.83038365E-01
      0.83700000E+01      0.19969233E-01      0.19731980E+00      0.83040489E-01
      0.83800000E+01      0.19935676E-01      0.19715244E+00      0.83053772E-01
      0.83900000E+01      0.19901292E-01      0.19698076E+00      0.83078306E-01
      0.84000000E+01      0.19866081E-01      0.19680472E+00      0.83114041E-01
      0.84100000E+01      0.19830056E-01      0.19662436E+00      0.83160766E-01
      0.84200000E+01      0.19793244E-01      0.19643980E+00      0.83218102E-01
      0.84300000E+01      0.19755683E-01      0.19625119E+00      0.83285492E-01
      0.84400000E+01      0.19717427E-01      0.19605878E+00      0.83362200E-01
      0.84500000E+01      0.19678545E-01      0.19586286E+00      0.83447315E-01
      0.84600000E+01      0.19639118E-01      0.19566380E+00      0.83539763E-01
      0.84700000E+01      0.19599241E-01      0.19546206E+00      0.83638318E-01
      0.84800000E+01      0.19559022E-01      0.19525811E+00      0.83741625E-01
      0.84900000E+01      0.19518577E-01      0.19505251E+00      0.83848224E-01
      0.85000000E+01      0.19478030E-01      0.19484586E+00      0.83956580E-01
      0.85100000E+01      0.19437513E-01      0.19463878E+00      0.84065107E-01
      0.85200000E+01      0.19397160E-01      0.19443193E+00      0.84172209E-01
      0.85300000E+01      0.19357107E-01      0.19422597E+00      0.84276302E-01
      0.85400000E+01      0.19317486E-01      0.19402158E+00      0.84375851E-01
      0.85500000E+01      0.19278428E-01      0.19381941E+00      0.84469399E-01
      0.85600000E+01      0.19240057E-01      0.19362010E+00      0.84555588E-01
      0.85700000E+01      0.19202486E-01      0.19342427E+00      0.84633184E-01
      0.85800000E+01      0.19165822E-01      0.19323249E+00      0.84701095E-01
      0.85900000E+01      0.19130157E-01      0.19304528E+00      0.84758382E-01
      0.86000000E+01      0.19095570E-01      0.19286309E+00      0.84804269E-01
      0.86100000E+01      0.19062128E-01      0.19268634E+00      0.84838146E-01
      0.86200000E+01      0.19029883E-01      0.19251536E+00      0.84859565E-01
      0.86300000E+01      0.18998872E-01      0.19235041E+00      0.84868238E-01
      0.86400000E+01      0.18969117E-01      0.19219171E+00      0.84864026E-01
      0.86500000E+01      0.18940631E-01      0.19203938E+00      0.84846929E-01
      0.86600000E+01      0.18913409E-01      0.19189349E+00      0.84817069E-01
      0.86700000E+01      0.18887438E-01      0.19175405E+00      0.84774679E-01
      0.86800000E+01      0.18862692E-01      0.19162101E+00      0.84720087E-01
      0.86900000E+01      0.18839138E-01      0.19149425E+00      0.84653701E-01
      0.87000000E+01      0.18816730E-01      0.19137363E+00      0.84575997E-01
      0.87100000E+01      0.18795419E-01      0.19125893E+00      0.84487509E-01
      0.87200000E+01      0.18775146E-01      0.19114989E+00      0.84388817E-01
      0.87300000E+01      0.18755846E-01      0.19104621E+00      0.84280547E-01
      0.87400000E+01      0.18737448E-01      0.19094755E+00      0.84163362E-01
      0.87500000E+01      0.18719876E-01      0.19085352E+00      0.84037964E-01
      0.87600000E+01      0.18703050E-01      0.19076370E+00      0.83905096E-01
      0.87700000E+01      0.18686882E-01      0.19067763E+00      0.83765539E-01
      0.87800000E+01      0.18671283E-01      0.19059483E+00      0.83620122E-01
      0.87900000E+01      0.18656158E-01      0.19051477E+00      0.83469718E-01
      0.88000000E+01      0.18641407E-01      0.19043691E+00      0.83315249E-01
      0.88100000E+01      0.18626928E-01      0.19036068E+00      0.83157686E-01
      0.88200000E+01      0.18612616E-01      0.19028549E+00      0.82998045E-01
      0.88300000E+01      0.18598365E-01      0.19021074E+00      0.82837383E-01
      0.88400000E+01      0.18584068E-01      0.19013584E+00      0.82676787E-01
      0.88500000E+01      0.18569619E-01      0.19006018E+00      0.82517366E-01
      0.88600000E+01      0.18554913E-01      0.18998319E+00      0.82360235E-01
      0.88700000E+01      0.18539851E-01      0.18990431E+00      0.82206497E-01
      0.88800000E+01      0.18524337E-01      0.18982300E+00      0.82057230E-01
      0.88900000E+01      0.18508284E-01      0.18973879E+00      0.81913462E-01
      0.89000000E+01      0.18491612E-01      0.18965122E+00      0.81776158E-01
      0.89100000E+01      0.18474251E-01      0.18955992E+00      0.81646202E-01
      0.89200000E+01      0.18456141E-01      0.18946455E+00      0.81524380E-01
      0.89300000E+01      0.18437234E-01      0.18936483E+00      0.81411372E-01
      0.89400000E+01      0.18417489E-01      0.18926056E+00      0.81307745E-01
      0.89500000E+01      0.18396881E-01      0.18915157E+00      0.81213945E-01
      0.89600000E+01      0.18375390E-01      0.18903776E+00      0.81130301E-01
      0.89700000E+01      0.18353011E-01      0.18891907E+00      0.81057026E-01
      0.89800000E+01      0.18329741E-01      0.18879549E+00      0.80994226E-01
      0.89900000E+01      0.18305591E-01      0.18866706E+00      0.80941908E-01
      0.90000000E+01      0.18280575E-01      0.18853384E+00      0.80899991E-01
      0.90100000E+01      0.18254713E-01      0.18839593E+00      0.80868317E-01
      0.90200000E+01      0.18228028E-01      0.18825343E+00      0.80846662E-01
      0.90300000E+01      0.18200551E-01      0.18810650E+00      0.80834748E-01
      0.90400000E+01      0.18172311E-01      0.18795529E+00      0.80832246E-01
      0.90500000E+01      0.18143343E-01      0.18779997E+00      0.80838786E-01
      0.90600000E+01      0.18113685E-01      0.18764074E+00      0.80853959E-01
      0.90700000E+01      0.18083375E-01      0.18747780E+00      0.80877315E-01
      0.90800000E+01      0.18052456E-01      0.18731137E+00      0.80908365E-01
      0.90900000E+01      0.18020976E-01      0.18714171E+00      0.80946578E-01
      0.91000000E+01      0.17988984E-01      0.18696909E+00      0.80991372E-01
      0.91100000E+01      0.17956535E-01      0.18679379E+00      0.81042111E-01
      0.91200000E+01      0.17923690E-01      0.18661615E+00      0.81098105E-01
      0.91300000E+01      0.17890514E-01      0.18643653E+00      0.81158600E-01
      0.91400000E+01      0.17857080E-01      0.18625531E+00      0.81222781E-01
      0.91500000E+01      0.17823463E-01      0.18607291E+00      0.81289773E-01
      0.91600000E+01      0.17789746E-01      0.18588978E+00      0.81358643E-01
      0.91700000E+01      0.17756015E-01      0.18570639E+00      0.81428411E-01
      0.91800000E+01      0.17722361E-01      0.18552324E+00      0.81498058E-01
      0.91900000E+01      0.17688874E-01      0.18534084E+00      0.81566543E-01
      0.92000000E+01      0.17655647E-01      0.18515969E+00      0.81632818E-01
      0.92100000E+01      0.17622773E-01      0.18498032E+00      0.81695843E-01
      0.92200000E+01      0.17590339E-01      0.18480322E+00      0.81754614E-01
      0.92300000E+01      0.17558430E-01      0.18462887E+00      0.81808175E-01
      0.92400000E+01      0.17527124E-01      0.18445772E+00      0.81855645E-01
      0.92500000E+01      0.17496489E-01      0.18429017E+00      0.81896230E-01
      0.92600000E+01      0.17466585E-01      0.18412658E+00      0.81929245E-01
      0.92700000E+01      0.17437461E-01      0.18396726E+00      0.81954124E-01
      0.92800000E+01      0.17409155E-01      0.18381244E+00      0.81970432E-01
      0.92900000E+01      0.17381691E-01      0.18366230E+00      0.81977868E-01
      0.93000000E+01      0.17355082E-01      0.18351695E+00      0.81976270E-01
      0.93100000E+01      0.17329328E-01      0.18337643E+00      0.81965607E-01
      0.93200000E+01      0.17304420E-01      0.18324074E+00      0.81945977E-01
      0.93300000E+01      0.17280335E-01      0.18310979E+00      0.81917590E-01
      0.93400000E+01      0.17257045E-01      0.18298348E+00      0.81880756E-01
      0.93500000E+01      0.17234512E-01      0.18286164E+00      0.81835869E-01
      0.93600000E+01      0.17212694E-01      0.18274409E+00      0.81783382E-01
      0.93700000E+01      0.17191545E-01      0.18263061E+00      0.81723790E-01
      0.93800000E+01      0.17171017E-01      0.18252098E+00      0.81657607E-01
      0.93900000E+01      0.17151062E-01      0.18241499E+00      0.81585349E-01
      0.94000000E+01      0.17131636E-01      0.18231242E+00      0.81507510E-01
      0.94100000E+01      0.17112694E-01      0.18221306E+00      0.81424552E-01
      0.94200000E+01      0.17094197E-01      0.18211673E+00      0.81336889E-01
      0.94300000E+01      0.17076112E-01      0.18202327E+00      0.81244881E-01
      0.94400000E+01      0.17058408E-01      0.18193253E+00      0.81148825E-01
      0.94500000E+01      0.17041061E-01      0.18184441E+00      0.81048959E-01
      0.94600000E+01      0.17024051E-01      0.18175878E+00      0.80945461E-01
      0.94700000E+01      0.17007362E-01      0.18167557E+00      0.80838458E-01
      0.94800000E+01      0.16990981E-01      0.18159468E+00      0.80728033E-01
      0.94900000E+01      0.16974897E-01      0.18151606E+00      0.80614240E-01
      0.95000000E+01      0.16959100E-01      0.18143961E+00      0.80497114E-01
      0.95100000E+01      0.16943580E-01      0.18136525E+00      0.80376686E-01
      0.95200000E+01      0.16928327E-01      0.18129288E+00      0.80252998E-01
      0.95300000E+01      0.16913328E-01      0.18122239E+00      0.80126114E-01
      0.95400000E+01      0.16898566E-01      0.18115363E+00      0.79996130E-01
      0.95500000E+01      0.16884023E-01      0.18108645E+00      0.79863188E-01
      0.95600000E+01      0.16869676E-01      0.18102067E+00      0.79727477E-01
      0.95700000E+01      0.16855499E-01      0.18095607E+00      0.79589239E-01
      0.95800000E+01      0.16841462E-01      0.18089243E+00      0.79448770E-01
      0.95900000E+01      0.16827531E-01      0.18082950E+00      0.79306418E-01
      0.96000000E+01      0.16813671E-01      0.18076703E+00      0.79162577E-01
      0.96100000E+01      0.16799844E-01      0.18070473E+00      0.79017679E-01
      0.96200000E+01      0.16786011E-01      0.18064233E+00      0.78872188E-01
      0.96300000E+01      0.16772134E-01      0.18057958E+00      0.78726584E-01
      0.96400000E+01      0.16758175E-01      0.18051618E+00      0.78581358E-01
      0.96500000E+01      0.16744098E-01      0.18045190E+00      0.78436995E-01
      0.96600000E+01      0.16729868E-01      0.18038649E+00      0.78293966E-01
      0.96700000E+01      0.16715455E-01      0.18031973E+00      0.78152715E-01
      0.96800000E+01      0.16700830E-01      0.18025140E+00      0.78013652E-01
      0.96900000E+01      0.16685968E-01      0.18018134E+00      0.77877147E-01
      0.97000000E+01      0.16670851E-01      0.18010939E+00      0.77743520E-01
      0.97100000E+01      0.16655460E-01      0.18003540E+00      0.77613043E-01
      0.97200000E+01      0.16639783E-01      0.17995928E+00      0.77485935E-01
      0.97300000E+01      0.16623810E-01      0.17988093E+00      0.77362366E-01
      0.97400000E+01      0.16607536E-01      0.17980032E+00      0.77242462E-01
      0.97500000E+01      0.16590956E-01      0.17971740E+00      0.77126306E-01
      0.97600000E+01      0.16574071E-01      0.17963215E+00      0.77013947E-01
      0.97700000E+01      0.16556880E-01      0.17954459E+00      0.76905411E-01
      0.97800000E+01      0.16539387E-01      0.17945472E+00      0.76800707E-01
      0.97900000E+01      0.16521594E-01      0.17936259E+00      0.76699838E-01
      0.98000000E+01      0.16503503E-01      0.17926821E+00      0.76602810E-01
      0.98100000E+01      0.16485118E-01      0.17917162E+00      0.76509646E-01
      0.98200000E+01      0.16466440E-01      0.17907286E+00      0.76420388E-01
      0.98300000E+01      0.16447468E-01      0.17897193E+00      0.76335109E-01
      0.98400000E+01      0.16428201E-01      0.17886886E+00      0.76253920E-01
      0.98500000E+01      0.16408633E-01      0.17876366E+00      0.76176971E-01
      0.98600000E+01      0.16388759E-01      0.17865631E+00      0.76104455E-01
      0.98700000E+01      0.16368571E-01      0.17854681E+00      0.76036608E-01
      0.98800000E+01      0.16348058E-01      0.17843511E+00      0.75973705E-01
      0.98900000E+01      0.16327208E-01      0.17832120E+00      0.75916059E-01
      0.99000000E+01      0.16306007E-01      0.17820502E+00      0.75864007E-01
      0.99100000E+01      0.16284442E-01      0.17808653E+00      0.75817905E-01
      0.99200000E+01      0.16262497E-01      0.17796567E+00      0.75778116E-01
      0.99300000E+01      0.16240158E-01      0.17784239E+00      0.75744996E-01
      0.99400000E+01      0.16217413E-01      0.17771666E+00      0.75718880E-01
      0.99500000E+01      0.16194249E-01      0.17758842E+00      0.75700072E-01
      0.99600000E+01      0.16170657E-01      0.17745766E+00      0.75688823E-01
      0.99700000E+01      0.16146631E-01      0.17732435E+00      0.75685328E-01
      0.99800000E+01      0.16122169E-01      0.17718850E+00      0.75689708E-01
      0.99900000E+01      0.16097273E-01      0.17705014E+00      0.75702004E-01
