%variables=t,TKE,M_t,rhoRMS
      0.00000000E+00      0.80084344E-01      0.40020475E+00      0.17899590E+00
      0.10000000E-01      0.80047740E-01      0.40010224E+00      0.17877711E+00
      0.20000000E-01      0.79982720E-01      0.39991892E+00      0.17868205E+00
      0.30000000E-01      0.79889381E-01      0.39967533E+00      0.17870924E+00
      0.40000000E-01      0.79768187E-01      0.39937167E+00      0.17885547E+00
      0.50000000E-01      0.79619839E-01      0.39900877E+00      0.17911581E+00
      0.60000000E-01      0.79445265E-01      0.39858784E+00      0.17948371E+00
      0.70000000E-01      0.79245618E-01      0.39811050E+00      0.17995114E+00
      0.80000000E-01      0.79022267E-01      0.39757881E+00      0.18050868E+00
      0.90000000E-01      0.78776787E-01      0.39699527E+00      0.18114569E+00
      0.10000000E+00      0.78510948E-01      0.39636285E+00      0.18185051E+00
      0.11000000E+00      0.78226698E-01      0.39568497E+00      0.18261060E+00
      0.12000000E+00      0.77926148E-01      0.39496553E+00      0.18341279E+00
      0.13000000E+00      0.77611549E-01      0.39420887E+00      0.18424344E+00
      0.14000000E+00      0.77285270E-01      0.39341976E+00      0.18508867E+00
      0.15000000E+00      0.76949770E-01      0.39260335E+00      0.18593456E+00
      0.16000000E+00      0.76607572E-01      0.39176514E+00      0.18676733E+00
      0.17000000E+00      0.76261227E-01      0.39091092E+00      0.18757355E+00
      0.18000000E+00      0.75913286E-01      0.39004669E+00      0.18834032E+00
      0.19000000E+00      0.75566262E-01      0.38917857E+00      0.18905543E+00
      0.20000000E+00      0.75222600E-01      0.38831274E+00      0.18970749E+00
      0.21000000E+00      0.74884638E-01      0.38745535E+00      0.19028609E+00
      0.22000000E+00      0.74554579E-01      0.38661237E+00      0.19078193E+00
      0.23000000E+00      0.74234456E-01      0.38578956E+00      0.19118687E+00
      0.24000000E+00      0.73926107E-01      0.38499234E+00      0.19149405E+00
      0.25000000E+00      0.73631151E-01      0.38422571E+00      0.19169793E+00
      0.26000000E+00      0.73350966E-01      0.38349419E+00      0.19179434E+00
      0.27000000E+00      0.73086674E-01      0.38280171E+00      0.19178050E+00
      0.28000000E+00      0.72839135E-01      0.38215159E+00      0.19165500E+00
      0.29000000E+00      0.72608939E-01      0.38154650E+00      0.19141781E+00
      0.30000000E+00      0.72396411E-01      0.38098841E+00      0.19107024E+00
      0.31000000E+00      0.72201614E-01      0.38047863E+00      0.19061484E+00
      0.32000000E+00      0.72024367E-01      0.38001777E+00      0.19005540E+00
      0.33000000E+00      0.71864258E-01      0.37960577E+00      0.18939677E+00
      0.34000000E+00      0.71720669E-01      0.37924197E+00      0.18864484E+00
      0.35000000E+00      0.71592798E-01      0.37892512E+00      0.18780638E+00
      0.36000000E+00      0.71479689E-01      0.37865348E+00      0.18688891E+00
      0.37000000E+00      0.71380261E-01      0.37842482E+00      0.18590057E+00
      0.38000000E+00      0.71293335E-01      0.37823655E+00      0.18485000E+00
      0.39000000E+00      0.71217667E-01      0.37808576E+00      0.18374617E+00
      0.40000000E+00      0.71151973E-01      0.37796929E+00      0.18259827E+00
      0.41000000E+00      0.71094959E-01      0.37788382E+00      0.18141552E+00
      0.42000000E+00      0.71045342E-01      0.37782590E+00      0.18020711E+00
      0.43000000E+00      0.71001873E-01      0.37779205E+00      0.17898202E+00
      0.44000000E+00      0.70963355E-01      0.37777881E+00      0.17774894E+00
      0.45000000E+00      0.70928654E-01      0.37778276E+00      0.17651616E+00
      0.46000000E+00      0.70896715E-01      0.37780057E+00      0.17529149E+00
      0.47000000E+00      0.70866567E-01      0.37782907E+00      0.17408219E+00
      0.48000000E+00      0.70837327E-01      0.37786525E+00      0.17289491E+00
      0.49000000E+00      0.70808204E-01      0.37790627E+00      0.17173566E+00
      0.50000000E+00      0.70778496E-01      0.37794949E+00      0.17060980E+00
      0.51000000E+00      0.70747588E-01      0.37799248E+00      0.16952200E+00
      0.52000000E+00      0.70714945E-01      0.37803300E+00      0.16847628E+00
      0.53000000E+00      0.70680104E-01      0.37806898E+00      0.16747599E+00
      0.54000000E+00      0.70642669E-01      0.37809853E+00      0.16652391E+00
      0.55000000E+00      0.70602299E-01      0.37811991E+00      0.16562220E+00
      0.56000000E+00      0.70558698E-01      0.37813151E+00      0.16477253E+00
      0.57000000E+00      0.70511610E-01      0.37813185E+00      0.16397607E+00
      0.58000000E+00      0.70460808E-01      0.37811958E+00      0.16323360E+00
      0.59000000E+00      0.70406094E-01      0.37809349E+00      0.16254549E+00
      0.60000000E+00      0.70347291E-01      0.37805249E+00      0.16191185E+00
      0.61000000E+00      0.70284242E-01      0.37799563E+00      0.16133248E+00
      0.62000000E+00      0.70216809E-01      0.37792212E+00      0.16080697E+00
      0.63000000E+00      0.70144874E-01      0.37783129E+00      0.16033470E+00
      0.64000000E+00      0.70068338E-01      0.37772259E+00      0.15991490E+00
      0.65000000E+00      0.69987124E-01      0.37759562E+00      0.15954661E+00
      0.66000000E+00      0.69901179E-01      0.37745010E+00      0.15922871E+00
      0.67000000E+00      0.69810478E-01      0.37728589E+00      0.15895993E+00
      0.68000000E+00      0.69715024E-01      0.37710300E+00      0.15873881E+00
      0.69000000E+00      0.69614859E-01      0.37690160E+00      0.15856370E+00
      0.70000000E+00      0.69510059E-01      0.37668204E+00      0.15843274E+00
      0.71000000E+00      0.69400747E-01      0.37644485E+00      0.15834383E+00
      0.72000000E+00      0.69287089E-01      0.37619073E+00      0.15829463E+00
      0.73000000E+00      0.69169301E-01      0.37592060E+00      0.15828251E+00
      0.74000000E+00      0.69047643E-01      0.37563553E+00      0.15830462E+00
      0.75000000E+00      0.68922421E-01      0.37533678E+00      0.15835785E+00
      0.76000000E+00      0.68793976E-01      0.37502569E+00      0.15843886E+00
      0.77000000E+00      0.68662682E-01      0.37470368E+00      0.15854416E+00
      0.78000000E+00      0.68528928E-01      0.37437220E+00      0.15867011E+00
      0.79000000E+00      0.68393111E-01      0.37403264E+00      0.15881306E+00
      0.80000000E+00      0.68255623E-01      0.37368633E+00      0.15896936E+00
      0.81000000E+00      0.68116841E-01      0.37333449E+00      0.15913548E+00
      0.82000000E+00      0.67977115E-01      0.37297821E+00      0.15930810E+00
      0.83000000E+00      0.67836767E-01      0.37261847E+00      0.15948416E+00
      0.84000000E+00      0.67696089E-01      0.37225613E+00      0.15966093E+00
      0.85000000E+00      0.67555335E-01      0.37189195E+00      0.15983604E+00
      0.86000000E+00      0.67414734E-01      0.37152664E+00      0.16000755E+00
      0.87000000E+00      0.67274485E-01      0.37116085E+00      0.16017389E+00
      0.88000000E+00      0.67134766E-01      0.37079518E+00      0.16033390E+00
      0.89000000E+00      0.66995734E-01      0.37043018E+00      0.16048675E+00
      0.90000000E+00      0.66857525E-01      0.37006636E+00      0.16063191E+00
      0.91000000E+00      0.66720260E-01      0.36970414E+00      0.16076910E+00
      0.92000000E+00      0.66584040E-01      0.36934387E+00      0.16089820E+00
      0.93000000E+00      0.66448954E-01      0.36898580E+00      0.16101918E+00
      0.94000000E+00      0.66315078E-01      0.36863014E+00      0.16113205E+00
      0.95000000E+00      0.66182479E-01      0.36827704E+00      0.16123680E+00
      0.96000000E+00      0.66051225E-01      0.36792665E+00      0.16133335E+00
      0.97000000E+00      0.65921387E-01      0.36757912E+00      0.16142153E+00
      0.98000000E+00      0.65793044E-01      0.36723467E+00      0.16150103E+00
      0.99000000E+00      0.65666287E-01      0.36689353E+00      0.16157142E+00
      0.10000000E+01      0.65541217E-01      0.36655598E+00      0.16163216E+00
      0.10100000E+01      0.65417941E-01      0.36622228E+00      0.16168259E+00
      0.10200000E+01      0.65296569E-01      0.36589270E+00      0.16172197E+00
      0.10300000E+01      0.65177205E-01      0.36556741E+00      0.16174951E+00
      0.10400000E+01      0.65059942E-01      0.36524652E+00      0.16176435E+00
      0.10500000E+01      0.64944854E-01      0.36493002E+00      0.16176564E+00
      0.10600000E+01      0.64831996E-01      0.36461781E+00      0.16175254E+00
      0.10700000E+01      0.64721396E-01      0.36430968E+00      0.16172420E+00
      0.10800000E+01      0.64613058E-01      0.36400535E+00      0.16167987E+00
      0.10900000E+01      0.64506960E-01      0.36370447E+00      0.16161881E+00
      0.11000000E+01      0.64403057E-01      0.36340668E+00      0.16154039E+00
      0.11100000E+01      0.64301279E-01      0.36311159E+00      0.16144412E+00
      0.11200000E+01      0.64201531E-01      0.36281882E+00      0.16132962E+00
      0.11300000E+01      0.64103688E-01      0.36252799E+00      0.16119673E+00
      0.11400000E+01      0.64007592E-01      0.36223866E+00      0.16104551E+00
      0.11500000E+01      0.63913043E-01      0.36195034E+00      0.16087633E+00
      0.11600000E+01      0.63819789E-01      0.36166242E+00      0.16068984E+00
      0.11700000E+01      0.63727525E-01      0.36137411E+00      0.16048707E+00
      0.11800000E+01      0.63635883E-01      0.36108443E+00      0.16026946E+00
      0.11900000E+01      0.63544436E-01      0.36079220E+00      0.16003881E+00
      0.12000000E+01      0.63452700E-01      0.36049606E+00      0.15979734E+00
      0.12100000E+01      0.63360151E-01      0.36019452E+00      0.15954763E+00
      0.12200000E+01      0.63266234E-01      0.35988602E+00      0.15929257E+00
      0.12300000E+01      0.63170388E-01      0.35956904E+00      0.15903530E+00
      0.12400000E+01      0.63072063E-01      0.35924218E+00      0.15877912E+00
      0.12500000E+01      0.62970743E-01      0.35890423E+00      0.15852741E+00
      0.12600000E+01      0.62865959E-01      0.35855420E+00      0.15828350E+00
      0.12700000E+01      0.62757307E-01      0.35819139E+00      0.15805059E+00
      0.12800000E+01      0.62644456E-01      0.35781532E+00      0.15783165E+00
      0.12900000E+01      0.62527149E-01      0.35742578E+00      0.15762933E+00
      0.13000000E+01      0.62405207E-01      0.35702274E+00      0.15744590E+00
      0.13100000E+01      0.62278526E-01      0.35660634E+00      0.15728321E+00
      0.13200000E+01      0.62147074E-01      0.35617684E+00      0.15714261E+00
      0.13300000E+01      0.62010883E-01      0.35573461E+00      0.15702500E+00
      0.13400000E+01      0.61870045E-01      0.35528007E+00      0.15693080E+00
      0.13500000E+01      0.61724706E-01      0.35481372E+00      0.15685996E+00
      0.13600000E+01      0.61575062E-01      0.35433612E+00      0.15681199E+00
      0.13700000E+01      0.61421352E-01      0.35384787E+00      0.15678599E+00
      0.13800000E+01      0.61263855E-01      0.35334968E+00      0.15678068E+00
      0.13900000E+01      0.61102885E-01      0.35284229E+00      0.15679446E+00
      0.14000000E+01      0.60938791E-01      0.35232656E+00      0.15682541E+00
      0.14100000E+01      0.60771953E-01      0.35180342E+00      0.15687135E+00
      0.14200000E+01      0.60602776E-01      0.35127389E+00      0.15692988E+00
      0.14300000E+01      0.60431688E-01      0.35073907E+00      0.15699839E+00
      0.14400000E+01      0.60259136E-01      0.35020012E+00      0.15707415E+00
      0.14500000E+01      0.60085580E-01      0.34965820E+00      0.15715429E+00
      0.14600000E+01      0.59911487E-01      0.34911454E+00      0.15723590E+00
      0.14700000E+01      0.59737328E-01      0.34857034E+00      0.15731603E+00
      0.14800000E+01      0.59563569E-01      0.34802682E+00      0.15739175E+00
      0.14900000E+01      0.59390671E-01      0.34748517E+00      0.15746019E+00
      0.15000000E+01      0.59219084E-01      0.34694659E+00      0.15751861E+00
      0.15100000E+01      0.59049240E-01      0.34641230E+00      0.15756441E+00
      0.15200000E+01      0.58881555E-01      0.34588350E+00      0.15759515E+00
      0.15300000E+01      0.58716421E-01      0.34536139E+00      0.15760865E+00
      0.15400000E+01      0.58554202E-01      0.34484717E+00      0.15760296E+00
      0.15500000E+01      0.58395230E-01      0.34434199E+00      0.15757640E+00
      0.15600000E+01      0.58239799E-01      0.34384695E+00      0.15752758E+00
      0.15700000E+01      0.58088160E-01      0.34336303E+00      0.15745544E+00
      0.15800000E+01      0.57940512E-01      0.34289111E+00      0.15735921E+00
      0.15900000E+01      0.57797005E-01      0.34243190E+00      0.15723847E+00
      0.16000000E+01      0.57657728E-01      0.34198591E+00      0.15709310E+00
      0.16100000E+01      0.57522711E-01      0.34155349E+00      0.15692331E+00
      0.16200000E+01      0.57391925E-01      0.34113475E+00      0.15672964E+00
      0.16300000E+01      0.57265278E-01      0.34072957E+00      0.15651293E+00
      0.16400000E+01      0.57142621E-01      0.34033762E+00      0.15627430E+00
      0.16500000E+01      0.57023751E-01      0.33995838E+00      0.15601513E+00
      0.16600000E+01      0.56908418E-01      0.33959113E+00      0.15573703E+00
      0.16700000E+01      0.56796336E-01      0.33923498E+00      0.15544182E+00
      0.16800000E+01      0.56687188E-01      0.33888896E+00      0.15513145E+00
      0.16900000E+01      0.56580643E-01      0.33855200E+00      0.15480798E+00
      0.17000000E+01      0.56476362E-01      0.33822304E+00      0.15447352E+00
      0.17100000E+01      0.56374016E-01      0.33790101E+00      0.15413018E+00
      0.17200000E+01      0.56273289E-01      0.33758493E+00      0.15378001E+00
      0.17300000E+01      0.56173891E-01      0.33727389E+00      0.15342498E+00
      0.17400000E+01      0.56075562E-01      0.33696706E+00      0.15306690E+00
      0.17500000E+01      0.55978075E-01      0.33666373E+00      0.15270742E+00
      0.17600000E+01      0.55881236E-01      0.33636326E+00      0.15234799E+00
      0.17700000E+01      0.55784886E-01      0.33606511E+00      0.15198983E+00
      0.17800000E+01      0.55688893E-01      0.33576876E+00      0.15163396E+00
      0.17900000E+01      0.55593152E-01      0.33547374E+00      0.15128118E+00
      0.18000000E+01      0.55497579E-01      0.33517961E+00      0.15093208E+00
      0.18100000E+01      0.55402105E-01      0.33488593E+00      0.15058704E+00
      0.18200000E+01      0.55306675E-01      0.33459229E+00      0.15024632E+00
      0.18300000E+01      0.55211237E-01      0.33429827E+00      0.14991001E+00
      0.18400000E+01      0.55115745E-01      0.33400346E+00      0.14957813E+00
      0.18500000E+01      0.55020152E-01      0.33370749E+00      0.14925064E+00
      0.18600000E+01      0.54924409E-01      0.33340999E+00      0.14892745E+00
      0.18700000E+01      0.54828459E-01      0.33311061E+00      0.14860852E+00
      0.18800000E+01      0.54732237E-01      0.33280904E+00      0.14829385E+00
      0.18900000E+01      0.54635670E-01      0.33250495E+00      0.14798353E+00
      0.19000000E+01      0.54538671E-01      0.33219803E+00      0.14767773E+00
      0.19100000E+01      0.54441144E-01      0.33188798E+00      0.14737678E+00
      0.19200000E+01      0.54342977E-01      0.33157447E+00      0.14708113E+00
      0.19300000E+01      0.54244051E-01      0.33125713E+00      0.14679136E+00
      0.19400000E+01      0.54144234E-01      0.33093562E+00      0.14650819E+00
      0.19500000E+01      0.54043393E-01      0.33060953E+00      0.14623245E+00
      0.19600000E+01      0.53941388E-01      0.33027847E+00      0.14596504E+00
      0.19700000E+01      0.53838085E-01      0.32994209E+00      0.14570695E+00
      0.19800000E+01      0.53733359E-01      0.32960004E+00      0.14545917E+00
      0.19900000E+01      0.53627098E-01      0.32925206E+00      0.14522269E+00
      0.20000000E+01      0.53519208E-01      0.32889795E+00      0.14499846E+00
      0.20100000E+01      0.53409621E-01      0.32853760E+00      0.14478732E+00
      0.20200000E+01      0.53298292E-01      0.32817100E+00      0.14459004E+00
      0.20300000E+01      0.53185205E-01      0.32779824E+00      0.14440722E+00
      0.20400000E+01      0.53070371E-01      0.32741948E+00      0.14423928E+00
      0.20500000E+01      0.52953830E-01      0.32703497E+00      0.14408648E+00
      0.20600000E+01      0.52835649E-01      0.32664502E+00      0.14394885E+00
      0.20700000E+01      0.52715918E-01      0.32624999E+00      0.14382621E+00
      0.20800000E+01      0.52594751E-01      0.32585033E+00      0.14371818E+00
      0.20900000E+01      0.52472282E-01      0.32544649E+00      0.14362411E+00
      0.21000000E+01      0.52348662E-01      0.32503898E+00      0.14354315E+00
      0.21100000E+01      0.52224056E-01      0.32462832E+00      0.14347424E+00
      0.21200000E+01      0.52098640E-01      0.32421509E+00      0.14341611E+00
      0.21300000E+01      0.51972597E-01      0.32379982E+00      0.14336729E+00
      0.21400000E+01      0.51846115E-01      0.32338307E+00      0.14332619E+00
      0.21500000E+01      0.51719381E-01      0.32296539E+00      0.14329108E+00
      0.21600000E+01      0.51592578E-01      0.32254726E+00      0.14326016E+00
      0.21700000E+01      0.51465884E-01      0.32212916E+00      0.14323159E+00
      0.21800000E+01      0.51339468E-01      0.32171151E+00      0.14320351E+00
      0.21900000E+01      0.51213486E-01      0.32129469E+00      0.14317413E+00
      0.22000000E+01      0.51088081E-01      0.32087902E+00      0.14314174E+00
      0.22100000E+01      0.50963385E-01      0.32046479E+00      0.14310476E+00
      0.22200000E+01      0.50839512E-01      0.32005228E+00      0.14306174E+00
      0.22300000E+01      0.50716565E-01      0.31964171E+00      0.14301142E+00
      0.22400000E+01      0.50594635E-01      0.31923334E+00      0.14295269E+00
      0.22500000E+01      0.50473801E-01      0.31882737E+00      0.14288465E+00
      0.22600000E+01      0.50354133E-01      0.31842404E+00      0.14280654E+00
      0.22700000E+01      0.50235693E-01      0.31802353E+00      0.14271778E+00
      0.22800000E+01      0.50118536E-01      0.31762599E+00      0.14261793E+00
      0.22900000E+01      0.50002708E-01      0.31723154E+00      0.14250666E+00
      0.23000000E+01      0.49888249E-01      0.31684024E+00      0.14238373E+00
      0.23100000E+01      0.49775196E-01      0.31645212E+00      0.14224900E+00
      0.23200000E+01      0.49663578E-01      0.31606719E+00      0.14210237E+00
      0.23300000E+01      0.49553422E-01      0.31568547E+00      0.14194381E+00
      0.23400000E+01      0.49444752E-01      0.31530699E+00      0.14177333E+00
      0.23500000E+01      0.49337588E-01      0.31493184E+00      0.14159097E+00
      0.23600000E+01      0.49231946E-01      0.31456011E+00      0.14139682E+00
      0.23700000E+01      0.49127838E-01      0.31419192E+00      0.14119102E+00
      0.23800000E+01      0.49025270E-01      0.31382738E+00      0.14097374E+00
      0.23900000E+01      0.48924240E-01      0.31346659E+00      0.14074518E+00
      0.24000000E+01      0.48824741E-01      0.31310963E+00      0.14050559E+00
      0.24100000E+01      0.48726763E-01      0.31275658E+00      0.14025524E+00
      0.24200000E+01      0.48630293E-01      0.31240750E+00      0.13999439E+00
      0.24300000E+01      0.48535321E-01      0.31206249E+00      0.13972329E+00
      0.24400000E+01      0.48441843E-01      0.31172168E+00      0.13944216E+00
      0.24500000E+01      0.48349866E-01      0.31138524E+00      0.13915116E+00
      0.24600000E+01      0.48259408E-01      0.31105340E+00      0.13885036E+00
      0.24700000E+01      0.48170500E-01      0.31072644E+00      0.13853976E+00
      0.24800000E+01      0.48083181E-01      0.31040465E+00      0.13821928E+00
      0.24900000E+01      0.47997499E-01      0.31008832E+00      0.13788876E+00
      0.25000000E+01      0.47913499E-01      0.30977773E+00      0.13754800E+00
      0.25100000E+01      0.47831223E-01      0.30947308E+00      0.13719679E+00
      0.25200000E+01      0.47750695E-01      0.30917451E+00      0.13683498E+00
      0.25300000E+01      0.47671918E-01      0.30888205E+00      0.13646249E+00
      0.25400000E+01      0.47594866E-01      0.30859562E+00      0.13607942E+00
      0.25500000E+01      0.47519476E-01      0.30831503E+00      0.13568609E+00
      0.25600000E+01      0.47445643E-01      0.30803995E+00      0.13528308E+00
      0.25700000E+01      0.47373219E-01      0.30776991E+00      0.13487130E+00
      0.25800000E+01      0.47302007E-01      0.30750433E+00      0.13445201E+00
      0.25900000E+01      0.47231767E-01      0.30724247E+00      0.13402685E+00
      0.26000000E+01      0.47162219E-01      0.30698351E+00      0.13359780E+00
      0.26100000E+01      0.47093043E-01      0.30672650E+00      0.13316716E+00
      0.26200000E+01      0.47023895E-01      0.30647043E+00      0.13273755E+00
      0.26300000E+01      0.46954415E-01      0.30621423E+00      0.13231174E+00
      0.26400000E+01      0.46884238E-01      0.30595686E+00      0.13189267E+00
      0.26500000E+01      0.46813010E-01      0.30569730E+00      0.13148327E+00
      0.26600000E+01      0.46740399E-01      0.30543462E+00      0.13108638E+00
      0.26700000E+01      0.46666110E-01      0.30516799E+00      0.13070466E+00
      0.26800000E+01      0.46589894E-01      0.30489676E+00      0.13034046E+00
      0.26900000E+01      0.46511556E-01      0.30462039E+00      0.12999576E+00
      0.27000000E+01      0.46430962E-01      0.30433854E+00      0.12967208E+00
      0.27100000E+01      0.46348040E-01      0.30405105E+00      0.12937043E+00
      0.27200000E+01      0.46262783E-01      0.30375788E+00      0.12909130E+00
      0.27300000E+01      0.46175243E-01      0.30345919E+00      0.12883463E+00
      0.27400000E+01      0.46085528E-01      0.30315526E+00      0.12859986E+00
      0.27500000E+01      0.45993798E-01      0.30284648E+00      0.12838595E+00
      0.27600000E+01      0.45900253E-01      0.30253339E+00      0.12819147E+00
      0.27700000E+01      0.45805127E-01      0.30221660E+00      0.12801464E+00
      0.27800000E+01      0.45708677E-01      0.30189677E+00      0.12785345E+00
      0.27900000E+01      0.45611173E-01      0.30157462E+00      0.12770575E+00
      0.28000000E+01      0.45512887E-01      0.30125087E+00      0.12756931E+00
      0.28100000E+01      0.45414081E-01      0.30092622E+00      0.12744193E+00
      0.28200000E+01      0.45315002E-01      0.30060133E+00      0.12732155E+00
      0.28300000E+01      0.45215872E-01      0.30027675E+00      0.12720623E+00
      0.28400000E+01      0.45116884E-01      0.29995300E+00      0.12709430E+00
      0.28500000E+01      0.45018195E-01      0.29963045E+00      0.12698433E+00
      0.28600000E+01      0.44919932E-01      0.29930941E+00      0.12687518E+00
      0.28700000E+01      0.44822184E-01      0.29899008E+00      0.12676602E+00
      0.28800000E+01      0.44725013E-01      0.29867258E+00      0.12665627E+00
      0.28900000E+01      0.44628449E-01      0.29835699E+00      0.12654567E+00
      0.29000000E+01      0.44532501E-01      0.29804330E+00      0.12643417E+00
      0.29100000E+01      0.44437158E-01      0.29773150E+00      0.12632197E+00
      0.29200000E+01      0.44342394E-01      0.29742152E+00      0.12620943E+00
      0.29300000E+01      0.44248173E-01      0.29711330E+00      0.12609706E+00
      0.29400000E+01      0.44154454E-01      0.29680673E+00      0.12598548E+00
      0.29500000E+01      0.44061193E-01      0.29650172E+00      0.12587538E+00
      0.29600000E+01      0.43968346E-01      0.29619816E+00      0.12576747E+00
      0.29700000E+01      0.43875871E-01      0.29589590E+00      0.12566247E+00
      0.29800000E+01      0.43783730E-01      0.29559482E+00      0.12556105E+00
      0.29900000E+01      0.43691890E-01      0.29529477E+00      0.12546384E+00
      0.30000000E+01      0.43600323E-01      0.29499560E+00      0.12537139E+00
      0.30100000E+01      0.43509008E-01      0.29469715E+00      0.12528416E+00
      0.30200000E+01      0.43417926E-01      0.29439928E+00      0.12520253E+00
      0.30300000E+01      0.43327062E-01      0.29410184E+00      0.12512678E+00
      0.30400000E+01      0.43236406E-01      0.29380467E+00      0.12505713E+00
      0.30500000E+01      0.43145942E-01      0.29350763E+00      0.12499371E+00
      0.30600000E+01      0.43055656E-01      0.29321054E+00      0.12493663E+00
      0.30700000E+01      0.42965524E-01      0.29291321E+00      0.12488594E+00
      0.30800000E+01      0.42875512E-01      0.29261540E+00      0.12484174E+00
      0.30900000E+01      0.42785574E-01      0.29231681E+00      0.12480411E+00
      0.31000000E+01      0.42695644E-01      0.29201709E+00      0.12477321E+00
      0.31100000E+01      0.42605640E-01      0.29171580E+00      0.12474926E+00
      0.31200000E+01      0.42515460E-01      0.29141244E+00      0.12473255E+00
      0.31300000E+01      0.42424984E-01      0.29110645E+00      0.12472348E+00
      0.31400000E+01      0.42334077E-01      0.29079725E+00      0.12472251E+00
      0.31500000E+01      0.42242594E-01      0.29048422E+00      0.12473021E+00
      0.31600000E+01      0.42150384E-01      0.29016678E+00      0.12474718E+00
      0.31700000E+01      0.42057294E-01      0.28984435E+00      0.12477409E+00
      0.31800000E+01      0.41963180E-01      0.28951643E+00      0.12481157E+00
      0.31900000E+01      0.41867906E-01      0.28918259E+00      0.12486027E+00
      0.32000000E+01      0.41771358E-01      0.28884249E+00      0.12492072E+00
      0.32100000E+01      0.41673440E-01      0.28849589E+00      0.12499337E+00
      0.32200000E+01      0.41574089E-01      0.28814265E+00      0.12507848E+00
      0.32300000E+01      0.41473272E-01      0.28778278E+00      0.12517613E+00
      0.32400000E+01      0.41370994E-01      0.28741641E+00      0.12528615E+00
      0.32500000E+01      0.41267303E-01      0.28704381E+00      0.12540809E+00
      0.32600000E+01      0.41162285E-01      0.28666538E+00      0.12554121E+00
      0.32700000E+01      0.41056075E-01      0.28628167E+00      0.12568444E+00
      0.32800000E+01      0.40948848E-01      0.28589338E+00      0.12583639E+00
      0.32900000E+01      0.40840824E-01      0.28550133E+00      0.12599536E+00
      0.33000000E+01      0.40732258E-01      0.28510647E+00      0.12615933E+00
      0.33100000E+01      0.40623442E-01      0.28470985E+00      0.12632601E+00
      0.33200000E+01      0.40514694E-01      0.28431262E+00      0.12649287E+00
      0.33300000E+01      0.40406355E-01      0.28391601E+00      0.12665718E+00
      0.33400000E+01      0.40298783E-01      0.28352131E+00      0.12681608E+00
      0.33500000E+01      0.40192341E-01      0.28312983E+00      0.12696662E+00
      0.33600000E+01      0.40087393E-01      0.28274292E+00      0.12710581E+00
      0.33700000E+01      0.39984298E-01      0.28236188E+00      0.12723074E+00
      0.33800000E+01      0.39883396E-01      0.28198800E+00      0.12733857E+00
      0.33900000E+01      0.39785007E-01      0.28162250E+00      0.12742662E+00
      0.34000000E+01      0.39689420E-01      0.28126650E+00      0.12749244E+00
      0.34100000E+01      0.39596891E-01      0.28092099E+00      0.12753381E+00
      0.34200000E+01      0.39507632E-01      0.28058686E+00      0.12754886E+00
      0.34300000E+01      0.39421815E-01      0.28026480E+00      0.12753601E+00
      0.34400000E+01      0.39339563E-01      0.27995538E+00      0.12749405E+00
      0.34500000E+01      0.39260952E-01      0.27965897E+00      0.12742214E+00
      0.34600000E+01      0.39186013E-01      0.27937579E+00      0.12731982E+00
      0.34700000E+01      0.39114730E-01      0.27910591E+00      0.12718697E+00
      0.34800000E+01      0.39047048E-01      0.27884922E+00      0.12702386E+00
      0.34900000E+01      0.38982870E-01      0.27860549E+00      0.12683105E+00
      0.35000000E+01      0.38922067E-01      0.27837435E+00      0.12660943E+00
      0.35100000E+01      0.38864480E-01      0.27815532E+00      0.12636014E+00
      0.35200000E+01      0.38809925E-01      0.27794782E+00      0.12608456E+00
      0.35300000E+01      0.38758198E-01      0.27775116E+00      0.12578424E+00
      0.35400000E+01      0.38709078E-01      0.27756457E+00      0.12546089E+00
      0.35500000E+01      0.38662333E-01      0.27738721E+00      0.12511634E+00
      0.35600000E+01      0.38617723E-01      0.27721818E+00      0.12475247E+00
      0.35700000E+01      0.38575003E-01      0.27705653E+00      0.12437123E+00
      0.35800000E+01      0.38533924E-01      0.27690128E+00      0.12397459E+00
      0.35900000E+01      0.38494236E-01      0.27675144E+00      0.12356455E+00
      0.36000000E+01      0.38455687E-01      0.27660597E+00      0.12314311E+00
      0.36100000E+01      0.38418022E-01      0.27646382E+00      0.12271230E+00
      0.36200000E+01      0.38380979E-01      0.27632392E+00      0.12227420E+00
      0.36300000E+01      0.38344292E-01      0.27618517E+00      0.12183091E+00
      0.36400000E+01      0.38307681E-01      0.27604641E+00      0.12138461E+00
      0.36500000E+01      0.38270857E-01      0.27590646E+00      0.12093754E+00
      0.36600000E+01      0.38233523E-01      0.27576411E+00      0.12049205E+00
      0.36700000E+01      0.38195372E-01      0.27561815E+00      0.12005055E+00
      0.36800000E+01      0.38156096E-01      0.27546739E+00      0.11961551E+00
      0.36900000E+01      0.38115386E-01      0.27531067E+00      0.11918946E+00
      0.37000000E+01      0.38072945E-01      0.27514691E+00      0.11877490E+00
      0.37100000E+01      0.38028490E-01      0.27497510E+00      0.11837434E+00
      0.37200000E+01      0.37981760E-01      0.27479435E+00      0.11799013E+00
      0.37300000E+01      0.37932523E-01      0.27460386E+00      0.11762451E+00
      0.37400000E+01      0.37880581E-01      0.27440298E+00      0.11727947E+00
      0.37500000E+01      0.37825779E-01      0.27419117E+00      0.11695674E+00
      0.37600000E+01      0.37768003E-01      0.27396805E+00      0.11665770E+00
      0.37700000E+01      0.37707189E-01      0.27373341E+00      0.11638339E+00
      0.37800000E+01      0.37643322E-01      0.27348719E+00      0.11613441E+00
      0.37900000E+01      0.37576439E-01      0.27322950E+00      0.11591097E+00
      0.38000000E+01      0.37506623E-01      0.27296065E+00      0.11571285E+00
      0.38100000E+01      0.37434005E-01      0.27268106E+00      0.11553944E+00
      0.38200000E+01      0.37358753E-01      0.27239134E+00      0.11538977E+00
      0.38300000E+01      0.37281074E-01      0.27209219E+00      0.11526250E+00
      0.38400000E+01      0.37201200E-01      0.27178443E+00      0.11515606E+00
      0.38500000E+01      0.37119386E-01      0.27146898E+00      0.11506860E+00
      0.38600000E+01      0.37035899E-01      0.27114678E+00      0.11499813E+00
      0.38700000E+01      0.36951019E-01      0.27081884E+00      0.11494252E+00
      0.38800000E+01      0.36865022E-01      0.27048616E+00      0.11489960E+00
      0.38900000E+01      0.36778186E-01      0.27014974E+00      0.11486714E+00
      0.39000000E+01      0.36690778E-01      0.26981056E+00      0.11484298E+00
      0.39100000E+01      0.36603057E-01      0.26946955E+00      0.11482499E+00
      0.39200000E+01      0.36515265E-01      0.26912759E+00      0.11481114E+00
      0.39300000E+01      0.36427630E-01      0.26878552E+00      0.11479954E+00
      0.39400000E+01      0.36340359E-01      0.26844410E+00      0.11478843E+00
      0.39500000E+01      0.36253644E-01      0.26810402E+00      0.11477621E+00
      0.39600000E+01      0.36167657E-01      0.26776591E+00      0.11476146E+00
      0.39700000E+01      0.36082553E-01      0.26743036E+00      0.11474292E+00
      0.39800000E+01      0.35998467E-01      0.26709788E+00      0.11471953E+00
      0.39900000E+01      0.35915521E-01      0.26676895E+00      0.11469038E+00
      0.40000000E+01      0.35833822E-01      0.26644399E+00      0.11465476E+00
      0.40100000E+01      0.35753462E-01      0.26612341E+00      0.11461209E+00
      0.40200000E+01      0.35674523E-01      0.26580759E+00      0.11456196E+00
      0.40300000E+01      0.35597076E-01      0.26549687E+00      0.11450408E+00
      0.40400000E+01      0.35521183E-01      0.26519159E+00      0.11443828E+00
      0.40500000E+01      0.35446898E-01      0.26489204E+00      0.11436450E+00
      0.40600000E+01      0.35374265E-01      0.26459849E+00      0.11428273E+00
      0.40700000E+01      0.35303319E-01      0.26431117E+00      0.11419307E+00
      0.40800000E+01      0.35234086E-01      0.26403027E+00      0.11409564E+00
      0.40900000E+01      0.35166581E-01      0.26375591E+00      0.11399064E+00
      0.41000000E+01      0.35100809E-01      0.26348820E+00      0.11387828E+00
      0.41100000E+01      0.35036762E-01      0.26322715E+00      0.11375882E+00
      0.41200000E+01      0.34974422E-01      0.26297275E+00      0.11363254E+00
      0.41300000E+01      0.34913755E-01      0.26272493E+00      0.11349975E+00
      0.41400000E+01      0.34854713E-01      0.26248353E+00      0.11336082E+00
      0.41500000E+01      0.34797235E-01      0.26224835E+00      0.11321612E+00
      0.41600000E+01      0.34741240E-01      0.26201911E+00      0.11306608E+00
      0.41700000E+01      0.34686629E-01      0.26179544E+00      0.11291117E+00
      0.41800000E+01      0.34633288E-01      0.26157689E+00      0.11275190E+00
      0.41900000E+01      0.34581083E-01      0.26136295E+00      0.11258884E+00
      0.42000000E+01      0.34529866E-01      0.26115304E+00      0.11242259E+00
      0.42100000E+01      0.34479477E-01      0.26094656E+00      0.11225377E+00
      0.42200000E+01      0.34429747E-01      0.26074286E+00      0.11208306E+00
      0.42300000E+01      0.34380502E-01      0.26054131E+00      0.11191114E+00
      0.42400000E+01      0.34331568E-01      0.26034129E+00      0.11173870E+00
      0.42500000E+01      0.34282775E-01      0.26014220E+00      0.11156641E+00
      0.42600000E+01      0.34233959E-01      0.25994349E+00      0.11139494E+00
      0.42700000E+01      0.34184967E-01      0.25974465E+00      0.11122489E+00
      0.42800000E+01      0.34135657E-01      0.25954520E+00      0.11105683E+00
      0.42900000E+01      0.34085903E-01      0.25934474E+00      0.11089125E+00
      0.43000000E+01      0.34035597E-01      0.25914291E+00      0.11072854E+00
      0.43100000E+01      0.33984649E-01      0.25893939E+00      0.11056902E+00
      0.43200000E+01      0.33932987E-01      0.25873396E+00      0.11041291E+00
      0.43300000E+01      0.33880562E-01      0.25852641E+00      0.11026033E+00
      0.43400000E+01      0.33827339E-01      0.25831661E+00      0.11011129E+00
      0.43500000E+01      0.33773306E-01      0.25810444E+00      0.10996573E+00
      0.43600000E+01      0.33718462E-01      0.25788986E+00      0.10982350E+00
      0.43700000E+01      0.33662824E-01      0.25767282E+00      0.10968442E+00
      0.43800000E+01      0.33606416E-01      0.25745333E+00      0.10954822E+00
      0.43900000E+01      0.33549278E-01      0.25723142E+00      0.10941464E+00
      0.44000000E+01      0.33491453E-01      0.25700715E+00      0.10928340E+00
      0.44100000E+01      0.33432995E-01      0.25678062E+00      0.10915422E+00
      0.44200000E+01      0.33373963E-01      0.25655193E+00      0.10902684E+00
      0.44300000E+01      0.33314418E-01      0.25632126E+00      0.10890104E+00
      0.44400000E+01      0.33254427E-01      0.25608877E+00      0.10877659E+00
      0.44500000E+01      0.33194061E-01      0.25585466E+00      0.10865333E+00
      0.44600000E+01      0.33133390E-01      0.25561915E+00      0.10853108E+00
      0.44700000E+01      0.33072491E-01      0.25538249E+00      0.10840969E+00
      0.44800000E+01      0.33011437E-01      0.25514492E+00      0.10828899E+00
      0.44900000E+01      0.32950309E-01      0.25490672E+00      0.10816881E+00
      0.45000000E+01      0.32889186E-01      0.25466817E+00      0.10804893E+00
      0.45100000E+01      0.32828148E-01      0.25442957E+00      0.10792910E+00
      0.45200000E+01      0.32767280E-01      0.25419121E+00      0.10780901E+00
      0.45300000E+01      0.32706663E-01      0.25395341E+00      0.10768831E+00
      0.45400000E+01      0.32646381E-01      0.25371650E+00      0.10756658E+00
      0.45500000E+01      0.32586516E-01      0.25348078E+00      0.10744336E+00
      0.45600000E+01      0.32527146E-01      0.25324657E+00      0.10731816E+00
      0.45700000E+01      0.32468343E-01      0.25301418E+00      0.10719045E+00
      0.45800000E+01      0.32410172E-01      0.25278386E+00      0.10705974E+00
      0.45900000E+01      0.32352688E-01      0.25255586E+00      0.10692553E+00
      0.46000000E+01      0.32295933E-01      0.25233034E+00      0.10678739E+00
      0.46100000E+01      0.32239934E-01      0.25210742E+00      0.10664498E+00
      0.46200000E+01      0.32184700E-01      0.25188714E+00      0.10649802E+00
      0.46300000E+01      0.32130222E-01      0.25166948E+00      0.10634639E+00
      0.46400000E+01      0.32076476E-01      0.25145432E+00      0.10619008E+00
      0.46500000E+01      0.32023417E-01      0.25124151E+00      0.10602922E+00
      0.46600000E+01      0.31970985E-01      0.25103079E+00      0.10586411E+00
      0.46700000E+01      0.31919106E-01      0.25082188E+00      0.10569517E+00
      0.46800000E+01      0.31867692E-01      0.25061443E+00      0.10552296E+00
      0.46900000E+01      0.31816648E-01      0.25040808E+00      0.10534818E+00
      0.47000000E+01      0.31765870E-01      0.25020243E+00      0.10517160E+00
      0.47100000E+01      0.31715254E-01      0.24999707E+00      0.10499408E+00
      0.47200000E+01      0.31664695E-01      0.24979160E+00      0.10481654E+00
      0.47300000E+01      0.31614091E-01      0.24958561E+00      0.10463990E+00
      0.47400000E+01      0.31563346E-01      0.24937871E+00      0.10446510E+00
      0.47500000E+01      0.31512375E-01      0.24917057E+00      0.10429303E+00
      0.47600000E+01      0.31461103E-01      0.24896085E+00      0.10412453E+00
      0.47700000E+01      0.31409467E-01      0.24874928E+00      0.10396037E+00
      0.47800000E+01      0.31357417E-01      0.24853561E+00      0.10380123E+00
      0.47900000E+01      0.31304918E-01      0.24831965E+00      0.10364767E+00
      0.48000000E+01      0.31251946E-01      0.24810125E+00      0.10350018E+00
      0.48100000E+01      0.31198492E-01      0.24788030E+00      0.10335910E+00
      0.48200000E+01      0.31144556E-01      0.24765676E+00      0.10322471E+00
      0.48300000E+01      0.31090152E-01      0.24743060E+00      0.10309715E+00
      0.48400000E+01      0.31035299E-01      0.24720185E+00      0.10297649E+00
      0.48500000E+01      0.30980028E-01      0.24697058E+00      0.10286273E+00
      0.48600000E+01      0.30924373E-01      0.24673687E+00      0.10275580E+00
      0.48700000E+01      0.30868374E-01      0.24650086E+00      0.10265556E+00
      0.48800000E+01      0.30812073E-01      0.24626269E+00      0.10256185E+00
      0.48900000E+01      0.30755515E-01      0.24602251E+00      0.10247446E+00
      0.49000000E+01      0.30698746E-01      0.24578048E+00      0.10239316E+00
      0.49100000E+01      0.30641811E-01      0.24553680E+00      0.10231771E+00
      0.49200000E+01      0.30584757E-01      0.24529165E+00      0.10224782E+00
      0.49300000E+01      0.30527628E-01      0.24504521E+00      0.10218324E+00
      0.49400000E+01      0.30470470E-01      0.24479769E+00      0.10212365E+00
      0.49500000E+01      0.30413328E-01      0.24454931E+00      0.10206875E+00
      0.49600000E+01      0.30356247E-01      0.24430029E+00      0.10201824E+00
      0.49700000E+01      0.30299272E-01      0.24405086E+00      0.10197177E+00
      0.49800000E+01      0.30242446E-01      0.24380127E+00      0.10192903E+00
      0.49900000E+01      0.30185812E-01      0.24355176E+00      0.10188969E+00
      0.50000000E+01      0.30129411E-01      0.24330260E+00      0.10185343E+00
      0.50100000E+01      0.30073280E-01      0.24305402E+00      0.10181995E+00
      0.50200000E+01      0.30017451E-01      0.24280625E+00      0.10178901E+00
      0.50300000E+01      0.29961949E-01      0.24255952E+00      0.10176039E+00
      0.50400000E+01      0.29906791E-01      0.24231400E+00      0.10173396E+00
      0.50500000E+01      0.29851983E-01      0.24206983E+00      0.10170966E+00
      0.50600000E+01      0.29797519E-01      0.24182711E+00      0.10168753E+00
      0.50700000E+01      0.29743383E-01      0.24158587E+00      0.10166771E+00
      0.50800000E+01      0.29689542E-01      0.24134610E+00      0.10165044E+00
      0.50900000E+01      0.29635953E-01      0.24110773E+00      0.10163607E+00
      0.51000000E+01      0.29582559E-01      0.24087065E+00      0.10162504E+00
      0.51100000E+01      0.29529295E-01      0.24063467E+00      0.10161788E+00
      0.51200000E+01      0.29476087E-01      0.24039961E+00      0.10161517E+00
      0.51300000E+01      0.29422856E-01      0.24016523E+00      0.10161755E+00
      0.51400000E+01      0.29369519E-01      0.23993126E+00      0.10162563E+00
      0.51500000E+01      0.29315997E-01      0.23969747E+00      0.10164004E+00
      0.51600000E+01      0.29262214E-01      0.23946360E+00      0.10166133E+00
      0.51700000E+01      0.29208102E-01      0.23922942E+00      0.10168995E+00
      0.51800000E+01      0.29153602E-01      0.23899471E+00      0.10172627E+00
      0.51900000E+01      0.29098670E-01      0.23875931E+00      0.10177047E+00
      0.52000000E+01      0.29043277E-01      0.23852311E+00      0.10182259E+00
      0.52100000E+01      0.28987411E-01      0.23828602E+00      0.10188250E+00
      0.52200000E+01      0.28931076E-01      0.23804804E+00      0.10194987E+00
      0.52300000E+01      0.28874296E-01      0.23780922E+00      0.10202417E+00
      0.52400000E+01      0.28817113E-01      0.23756967E+00      0.10210470E+00
      0.52500000E+01      0.28759587E-01      0.23732955E+00      0.10219058E+00
      0.52600000E+01      0.28701791E-01      0.23708909E+00      0.10228076E+00
      0.52700000E+01      0.28643817E-01      0.23684856E+00      0.10237409E+00
      0.52800000E+01      0.28585766E-01      0.23660828E+00      0.10246926E+00
      0.52900000E+01      0.28527750E-01      0.23636861E+00      0.10256489E+00
      0.53000000E+01      0.28469888E-01      0.23612993E+00      0.10265955E+00
      0.53100000E+01      0.28412305E-01      0.23589266E+00      0.10275177E+00
      0.53200000E+01      0.28355127E-01      0.23565720E+00      0.10284006E+00
      0.53300000E+01      0.28298481E-01      0.23542399E+00      0.10292298E+00
      0.53400000E+01      0.28242490E-01      0.23519344E+00      0.10299910E+00
      0.53500000E+01      0.28187273E-01      0.23496595E+00      0.10306710E+00
      0.53600000E+01      0.28132941E-01      0.23474191E+00      0.10312571E+00
      0.53700000E+01      0.28079595E-01      0.23452167E+00      0.10317381E+00
      0.53800000E+01      0.28027324E-01      0.23430555E+00      0.10321039E+00
      0.53900000E+01      0.27976204E-01      0.23409381E+00      0.10323461E+00
      0.54000000E+01      0.27926294E-01      0.23388667E+00      0.10324577E+00
      0.54100000E+01      0.27877638E-01      0.23368430E+00      0.10324337E+00
      0.54200000E+01      0.27830260E-01      0.23348677E+00      0.10322710E+00
      0.54300000E+01      0.27784166E-01      0.23329413E+00      0.10319685E+00
      0.54400000E+01      0.27739339E-01      0.23310631E+00      0.10315271E+00
      0.54500000E+01      0.27695745E-01      0.23292320E+00      0.10309499E+00
      0.54600000E+01      0.27653329E-01      0.23274460E+00      0.10302421E+00
      0.54700000E+01      0.27612017E-01      0.23257024E+00      0.10294106E+00
      0.54800000E+01      0.27571717E-01      0.23239979E+00      0.10284643E+00
      0.54900000E+01      0.27532324E-01      0.23223287E+00      0.10274138E+00
      0.55000000E+01      0.27493720E-01      0.23206905E+00      0.10262709E+00
      0.55100000E+01      0.27455779E-01      0.23190788E+00      0.10250484E+00
      0.55200000E+01      0.27418367E-01      0.23174889E+00      0.10237598E+00
      0.55300000E+01      0.27381354E-01      0.23159160E+00      0.10224190E+00
      0.55400000E+01      0.27344609E-01      0.23143555E+00      0.10210395E+00
      0.55500000E+01      0.27308008E-01      0.23128031E+00      0.10196345E+00
      0.55600000E+01      0.27271438E-01      0.23112549E+00      0.10182160E+00
      0.55700000E+01      0.27234800E-01      0.23097073E+00      0.10167950E+00
      0.55800000E+01      0.27198007E-01      0.23081574E+00      0.10153807E+00
      0.55900000E+01      0.27160989E-01      0.23066029E+00      0.10139807E+00
      0.56000000E+01      0.27123695E-01      0.23050419E+00      0.10126008E+00
      0.56100000E+01      0.27086087E-01      0.23034730E+00      0.10112446E+00
      0.56200000E+01      0.27048144E-01      0.23018954E+00      0.10099142E+00
      0.56300000E+01      0.27009858E-01      0.23003085E+00      0.10086098E+00
      0.56400000E+01      0.26971232E-01      0.22987123E+00      0.10073301E+00
      0.56500000E+01      0.26932276E-01      0.22971065E+00      0.10060728E+00
      0.56600000E+01      0.26893007E-01      0.22954914E+00      0.10048345E+00
      0.56700000E+01      0.26853444E-01      0.22938670E+00      0.10036114E+00
      0.56800000E+01      0.26813608E-01      0.22922334E+00      0.10023993E+00
      0.56900000E+01      0.26773516E-01      0.22905907E+00      0.10011942E+00
      0.57000000E+01      0.26733184E-01      0.22889387E+00      0.99999214E-01
      0.57100000E+01      0.26692626E-01      0.22872774E+00      0.99878996E-01
      0.57200000E+01      0.26651850E-01      0.22856064E+00      0.99758494E-01
      0.57300000E+01      0.26610861E-01      0.22839257E+00      0.99637509E-01
      0.57400000E+01      0.26569663E-01      0.22822348E+00      0.99515911E-01
      0.57500000E+01      0.26528256E-01      0.22805337E+00      0.99393635E-01
      0.57600000E+01      0.26486642E-01      0.22788222E+00      0.99270674E-01
      0.57700000E+01      0.26444823E-01      0.22771005E+00      0.99147061E-01
      0.57800000E+01      0.26402805E-01      0.22753687E+00      0.99022860E-01
      0.57900000E+01      0.26360596E-01      0.22736273E+00      0.98898153E-01
      0.58000000E+01      0.26318208E-01      0.22718769E+00      0.98773024E-01
      0.58100000E+01      0.26275661E-01      0.22701185E+00      0.98647552E-01
      0.58200000E+01      0.26232976E-01      0.22683528E+00      0.98521803E-01
      0.58300000E+01      0.26190180E-01      0.22665812E+00      0.98395833E-01
      0.58400000E+01      0.26147303E-01      0.22648047E+00      0.98269683E-01
      0.58500000E+01      0.26104377E-01      0.22630246E+00      0.98143392E-01
      0.58600000E+01      0.26061432E-01      0.22612420E+00      0.98017004E-01
      0.58700000E+01      0.26018499E-01      0.22594578E+00      0.97890580E-01
      0.58800000E+01      0.25975604E-01      0.22576726E+00      0.97764215E-01
      0.58900000E+01      0.25932766E-01      0.22558870E+00      0.97638048E-01
      0.59000000E+01      0.25890000E-01      0.22541009E+00      0.97512277E-01
      0.59100000E+01      0.25847308E-01      0.22523140E+00      0.97387172E-01
      0.59200000E+01      0.25804687E-01      0.22505256E+00      0.97263073E-01
      0.59300000E+01      0.25762122E-01      0.22487343E+00      0.97140399E-01
      0.59400000E+01      0.25719590E-01      0.22469389E+00      0.97019640E-01
      0.59500000E+01      0.25677059E-01      0.22451374E+00      0.96901344E-01
      0.59600000E+01      0.25634492E-01      0.22433281E+00      0.96786104E-01
      0.59700000E+01      0.25591849E-01      0.22415089E+00      0.96674534E-01
      0.59800000E+01      0.25549086E-01      0.22396780E+00      0.96567240E-01
      0.59900000E+01      0.25506164E-01      0.22378338E+00      0.96464792E-01
      0.60000000E+01      0.25463048E-01      0.22359749E+00      0.96367691E-01
      0.60100000E+01      0.25419710E-01      0.22341005E+00      0.96276337E-01
      0.60200000E+01      0.25376132E-01      0.22322102E+00      0.96190999E-01
      0.60300000E+01      0.25332310E-01      0.22303041E+00      0.96111793E-01
      0.60400000E+01      0.25288252E-01      0.22283831E+00      0.96038656E-01
      0.60500000E+01      0.25243981E-01      0.22264481E+00      0.95971342E-01
      0.60600000E+01      0.25199534E-01      0.22245012E+00      0.95909413E-01
      0.60700000E+01      0.25154963E-01      0.22225444E+00      0.95852244E-01
      0.60800000E+01      0.25110331E-01      0.22205806E+00      0.95799041E-01
      0.60900000E+01      0.25065712E-01      0.22186126E+00      0.95748860E-01
      0.61000000E+01      0.25021189E-01      0.22166438E+00      0.95700641E-01
      0.61100000E+01      0.24976849E-01      0.22146778E+00      0.95653238E-01
      0.61200000E+01      0.24932784E-01      0.22127180E+00      0.95605468E-01
      0.61300000E+01      0.24889081E-01      0.22107682E+00      0.95556146E-01
      0.61400000E+01      0.24845826E-01      0.22088315E+00      0.95504133E-01
      0.61500000E+01      0.24803094E-01      0.22069111E+00      0.95448376E-01
      0.61600000E+01      0.24760950E-01      0.22050097E+00      0.95387949E-01
      0.61700000E+01      0.24719445E-01      0.22031293E+00      0.95322081E-01
      0.61800000E+01      0.24678612E-01      0.22012715E+00      0.95250187E-01
      0.61900000E+01      0.24638468E-01      0.21994370E+00      0.95171884E-01
      0.62000000E+01      0.24599010E-01      0.21976260E+00      0.95087002E-01
      0.62100000E+01      0.24560219E-01      0.21958379E+00      0.94995587E-01
      0.62200000E+01      0.24522055E-01      0.21940716E+00      0.94897888E-01
      0.62300000E+01      0.24484466E-01      0.21923255E+00      0.94794351E-01
      0.62400000E+01      0.24447384E-01      0.21905973E+00      0.94685587E-01
      0.62500000E+01      0.24410730E-01      0.21888846E+00      0.94572355E-01
      0.62600000E+01      0.24374417E-01      0.21871845E+00      0.94455518E-01
      0.62700000E+01      0.24338354E-01      0.21854942E+00      0.94336018E-01
      0.62800000E+01      0.24302446E-01      0.21838104E+00      0.94214831E-01
      0.62900000E+01      0.24266601E-01      0.21821303E+00      0.94092939E-01
      0.63000000E+01      0.24230729E-01      0.21804509E+00      0.93971286E-01
      0.63100000E+01      0.24194749E-01      0.21787694E+00      0.93850752E-01
      0.63200000E+01      0.24158584E-01      0.21770833E+00      0.93732123E-01
      0.63300000E+01      0.24122174E-01      0.21753904E+00      0.93616068E-01
      0.63400000E+01      0.24085467E-01      0.21736890E+00      0.93503121E-01
      0.63500000E+01      0.24048425E-01      0.21719775E+00      0.93393666E-01
      0.63600000E+01      0.24011026E-01      0.21702553E+00      0.93287930E-01
      0.63700000E+01      0.23973261E-01      0.21685217E+00      0.93185983E-01
      0.63800000E+01      0.23935135E-01      0.21667768E+00      0.93087736E-01
      0.63900000E+01      0.23896670E-01      0.21650213E+00      0.92992949E-01
      0.64000000E+01      0.23857899E-01      0.21632561E+00      0.92901238E-01
      0.64100000E+01      0.23818868E-01      0.21614827E+00      0.92812091E-01
      0.64200000E+01      0.23779636E-01      0.21597032E+00      0.92724875E-01
      0.64300000E+01      0.23740273E-01      0.21579198E+00      0.92638861E-01
      0.64400000E+01      0.23700858E-01      0.21561355E+00      0.92553234E-01
      0.64500000E+01      0.23661475E-01      0.21543534E+00      0.92467116E-01
      0.64600000E+01      0.23622219E-01      0.21525769E+00      0.92379587E-01
      0.64700000E+01      0.23583186E-01      0.21508099E+00      0.92289705E-01
      0.64800000E+01      0.23544476E-01      0.21490561E+00      0.92196529E-01
      0.64900000E+01      0.23506188E-01      0.21473197E+00      0.92099146E-01
      0.65000000E+01      0.23468418E-01      0.21456047E+00      0.91996693E-01
      0.65100000E+01      0.23431258E-01      0.21439149E+00      0.91888381E-01
      0.65200000E+01      0.23394793E-01      0.21422540E+00      0.91773526E-01
      0.65300000E+01      0.23359094E-01      0.21406252E+00      0.91651564E-01
      0.65400000E+01      0.23324224E-01      0.21390312E+00      0.91522080E-01
      0.65500000E+01      0.23290228E-01      0.21374741E+00      0.91384819E-01
      0.65600000E+01      0.23257133E-01      0.21359553E+00      0.91239708E-01
      0.65700000E+01      0.23224951E-01      0.21344752E+00      0.91086857E-01
      0.65800000E+01      0.23193674E-01      0.21330337E+00      0.90926570E-01
      0.65900000E+01      0.23163275E-01      0.21316298E+00      0.90759334E-01
      0.66000000E+01      0.23133711E-01      0.21302614E+00      0.90585818E-01
      0.66100000E+01      0.23104919E-01      0.21289262E+00      0.90406850E-01
      0.66200000E+01      0.23076827E-01      0.21276209E+00      0.90223397E-01
      0.66300000E+01      0.23049347E-01      0.21263419E+00      0.90036543E-01
      0.66400000E+01      0.23022383E-01      0.21250849E+00      0.89847449E-01
      0.66500000E+01      0.22995835E-01      0.21238455E+00      0.89657328E-01
      0.66600000E+01      0.22969598E-01      0.21226191E+00      0.89467408E-01
      0.66700000E+01      0.22943567E-01      0.21214009E+00      0.89278896E-01
      0.66800000E+01      0.22917640E-01      0.21201863E+00      0.89092949E-01
      0.66900000E+01      0.22891718E-01      0.21189707E+00      0.88910646E-01
      0.67000000E+01      0.22865712E-01      0.21177496E+00      0.88732968E-01
      0.67100000E+01      0.22839539E-01      0.21165190E+00      0.88560776E-01
      0.67200000E+01      0.22813126E-01      0.21152752E+00      0.88394805E-01
      0.67300000E+01      0.22786410E-01      0.21140149E+00      0.88235659E-01
      0.67400000E+01      0.22759338E-01      0.21127351E+00      0.88083814E-01
      0.67500000E+01      0.22731868E-01      0.21114336E+00      0.87939622E-01
      0.67600000E+01      0.22703966E-01      0.21101082E+00      0.87803327E-01
      0.67700000E+01      0.22675604E-01      0.21087574E+00      0.87675079E-01
      0.67800000E+01      0.22646766E-01      0.21073800E+00      0.87554946E-01
      0.67900000E+01      0.22617436E-01      0.21059750E+00      0.87442937E-01
      0.68000000E+01      0.22587606E-01      0.21045418E+00      0.87339014E-01
      0.68100000E+01      0.22557269E-01      0.21030799E+00      0.87243106E-01
      0.68200000E+01      0.22526423E-01      0.21015891E+00      0.87155121E-01
      0.68300000E+01      0.22495065E-01      0.21000691E+00      0.87074956E-01
      0.68400000E+01      0.22463196E-01      0.20985200E+00      0.87002498E-01
      0.68500000E+01      0.22430816E-01      0.20969418E+00      0.86937633E-01
      0.68600000E+01      0.22397929E-01      0.20953348E+00      0.86880242E-01
      0.68700000E+01      0.22364538E-01      0.20936992E+00      0.86830202E-01
      0.68800000E+01      0.22330649E-01      0.20920356E+00      0.86787384E-01
      0.68900000E+01      0.22296272E-01      0.20903443E+00      0.86751649E-01
      0.69000000E+01      0.22261415E-01      0.20886262E+00      0.86722847E-01
      0.69100000E+01      0.22226093E-01      0.20868819E+00      0.86700816E-01
      0.69200000E+01      0.22190320E-01      0.20851123E+00      0.86685377E-01
      0.69300000E+01      0.22154116E-01      0.20833185E+00      0.86676337E-01
      0.69400000E+01      0.22117501E-01      0.20815016E+00      0.86673486E-01
      0.69500000E+01      0.22080500E-01      0.20796628E+00      0.86676598E-01
      0.69600000E+01      0.22043141E-01      0.20778035E+00      0.86685431E-01
      0.69700000E+01      0.22005453E-01      0.20759252E+00      0.86699728E-01
      0.69800000E+01      0.21967472E-01      0.20740296E+00      0.86719214E-01
      0.69900000E+01      0.21929234E-01      0.20721186E+00      0.86743600E-01
      0.70000000E+01      0.21890781E-01      0.20701943E+00      0.86772580E-01
      0.70100000E+01      0.21852158E-01      0.20682589E+00      0.86805832E-01
      0.70200000E+01      0.21813414E-01      0.20663148E+00      0.86843015E-01
      0.70300000E+01      0.21774599E-01      0.20643647E+00      0.86883773E-01
      0.70400000E+01      0.21735770E-01      0.20624114E+00      0.86927733E-01
      0.70500000E+01      0.21696983E-01      0.20604579E+00      0.86974505E-01
      0.70600000E+01      0.21658300E-01      0.20585071E+00      0.87023686E-01
      0.70700000E+01      0.21619781E-01      0.20565622E+00      0.87074862E-01
      0.70800000E+01      0.21581488E-01      0.20546263E+00      0.87127610E-01
      0.70900000E+01      0.21543483E-01      0.20527025E+00      0.87181500E-01
      0.71000000E+01      0.21505828E-01      0.20507939E+00      0.87236102E-01
      0.71100000E+01      0.21468580E-01      0.20489032E+00      0.87290986E-01
      0.71200000E+01      0.21431795E-01      0.20470333E+00      0.87345725E-01
      0.71300000E+01      0.21395528E-01      0.20451868E+00      0.87399901E-01
      0.71400000E+01      0.21359825E-01      0.20433658E+00      0.87453102E-01
      0.71500000E+01      0.21324730E-01      0.20415726E+00      0.87504923E-01
      0.71600000E+01      0.21290281E-01      0.20398089E+00      0.87554966E-01
      0.71700000E+01      0.21256511E-01      0.20380762E+00      0.87602841E-01
      0.71800000E+01      0.21223447E-01      0.20363757E+00      0.87648161E-01
      0.71900000E+01      0.21191111E-01      0.20347085E+00      0.87690540E-01
      0.72000000E+01      0.21159518E-01      0.20330752E+00      0.87729596E-01
      0.72100000E+01      0.21128680E-01      0.20314763E+00      0.87764948E-01
      0.72200000E+01      0.21098602E-01      0.20299119E+00      0.87796221E-01
      0.72300000E+01      0.21069286E-01      0.20283820E+00      0.87823047E-01
      0.72400000E+01      0.21040726E-01      0.20268864E+00      0.87845075E-01
      0.72500000E+01      0.21012914E-01      0.20254245E+00      0.87861979E-01
      0.72600000E+01      0.20985832E-01      0.20239954E+00      0.87873467E-01
      0.72700000E+01      0.20959460E-01      0.20225982E+00      0.87879299E-01
      0.72800000E+01      0.20933768E-01      0.20212313E+00      0.87879297E-01
      0.72900000E+01      0.20908721E-01      0.20198932E+00      0.87873363E-01
      0.73000000E+01      0.20884274E-01      0.20185816E+00      0.87861492E-01
      0.73100000E+01      0.20860376E-01      0.20172943E+00      0.87843782E-01
      0.73200000E+01      0.20836966E-01      0.20160283E+00      0.87820451E-01
      0.73300000E+01      0.20813975E-01      0.20147806E+00      0.87791839E-01
      0.73400000E+01      0.20791325E-01      0.20135476E+00      0.87758413E-01
      0.73500000E+01      0.20768932E-01      0.20123255E+00      0.87720767E-01
      0.73600000E+01      0.20746704E-01      0.20111101E+00      0.87679619E-01
      0.73700000E+01      0.20724542E-01      0.20098970E+00      0.87635795E-01
      0.73800000E+01      0.20702346E-01      0.20086817E+00      0.87590224E-01
      0.73900000E+01      0.20680009E-01      0.20074595E+00      0.87543911E-01
      0.74000000E+01      0.20657427E-01      0.20062257E+00      0.87497919E-01
      0.74100000E+01      0.20634495E-01      0.20049756E+00      0.87453345E-01
      0.74200000E+01      0.20611111E-01      0.20037048E+00      0.87411290E-01
      0.74300000E+01      0.20587182E-01      0.20024091E+00      0.87372832E-01
      0.74400000E+01      0.20562617E-01      0.20010845E+00      0.87338995E-01
      0.74500000E+01      0.20537338E-01      0.19997277E+00      0.87310724E-01
      0.74600000E+01      0.20511277E-01      0.19983355E+00      0.87288855E-01
      0.74700000E+01      0.20484378E-01      0.19969056E+00      0.87274094E-01
      0.74800000E+01      0.20456598E-01      0.19954361E+00      0.87266993E-01
      0.74900000E+01      0.20427908E-01      0.19939257E+00      0.87267940E-01
      0.75000000E+01      0.20398293E-01      0.19923737E+00      0.87277143E-01
      0.75100000E+01      0.20367754E-01      0.19907801E+00      0.87294627E-01
      0.75200000E+01      0.20336303E-01      0.19891454E+00      0.87320235E-01
      0.75300000E+01      0.20303966E-01      0.19874707E+00      0.87353633E-01
      0.75400000E+01      0.20270783E-01      0.19857577E+00      0.87394323E-01
      0.75500000E+01      0.20236801E-01      0.19840083E+00      0.87441654E-01
      0.75600000E+01      0.20202079E-01      0.19822252E+00      0.87494845E-01
      0.75700000E+01      0.20166683E-01      0.19804112E+00      0.87553003E-01
      0.75800000E+01      0.20130685E-01      0.19785695E+00      0.87615147E-01
      0.75900000E+01      0.20094162E-01      0.19767036E+00      0.87680228E-01
      0.76000000E+01      0.20057196E-01      0.19748172E+00      0.87747151E-01
      0.76100000E+01      0.20019871E-01      0.19729143E+00      0.87814794E-01
      0.76200000E+01      0.19982273E-01      0.19709990E+00      0.87882021E-01
      0.76300000E+01      0.19944492E-01      0.19690758E+00      0.87947699E-01
      0.76400000E+01      0.19906617E-01      0.19671492E+00      0.88010707E-01
      0.76500000E+01      0.19868741E-01      0.19652241E+00      0.88069940E-01
      0.76600000E+01      0.19830955E-01      0.19633054E+00      0.88124318E-01
      0.76700000E+01      0.19793356E-01      0.19613980E+00      0.88172786E-01
      0.76800000E+01      0.19756035E-01      0.19595071E+00      0.88214316E-01
      0.76900000E+01      0.19719089E-01      0.19576378E+00      0.88247912E-01
      0.77000000E+01      0.19682610E-01      0.19557952E+00      0.88272606E-01
      0.77100000E+01      0.19646692E-01      0.19539840E+00      0.88287470E-01
      0.77200000E+01      0.19611424E-01      0.19522090E+00      0.88291615E-01
      0.77300000E+01      0.19576893E-01      0.19504746E+00      0.88284203E-01
      0.77400000E+01      0.19543182E-01      0.19487851E+00      0.88264453E-01
      0.77500000E+01      0.19510368E-01      0.19471441E+00      0.88231657E-01
      0.77600000E+01      0.19478521E-01      0.19455551E+00      0.88185195E-01
      0.77700000E+01      0.19447701E-01      0.19440209E+00      0.88124544E-01
      0.77800000E+01      0.19417962E-01      0.19425438E+00      0.88049298E-01
      0.77900000E+01      0.19389342E-01      0.19411258E+00      0.87959181E-01
      0.78000000E+01      0.19361871E-01      0.19397679E+00      0.87854062E-01
      0.78100000E+01      0.19335565E-01      0.19384708E+00      0.87733961E-01
      0.78200000E+01      0.19310427E-01      0.19372345E+00      0.87599058E-01
      0.78300000E+01      0.19286447E-01      0.19360583E+00      0.87449697E-01
      0.78400000E+01      0.19263600E-01      0.19349409E+00      0.87286383E-01
      0.78500000E+01      0.19241852E-01      0.19338807E+00      0.87109780E-01
      0.78600000E+01      0.19221155E-01      0.19328752E+00      0.86920695E-01
      0.78700000E+01      0.19201452E-01      0.19319217E+00      0.86720069E-01
      0.78800000E+01      0.19182675E-01      0.19310169E+00      0.86508956E-01
      0.78900000E+01      0.19164752E-01      0.19301573E+00      0.86288505E-01
      0.79000000E+01      0.19147602E-01      0.19293391E+00      0.86059937E-01
      0.79100000E+01      0.19131141E-01      0.19285580E+00      0.85824520E-01
      0.79200000E+01      0.19115285E-01      0.19278099E+00      0.85583545E-01
      0.79300000E+01      0.19099946E-01      0.19270905E+00      0.85338304E-01
      0.79400000E+01      0.19085038E-01      0.19263952E+00      0.85090063E-01
      0.79500000E+01      0.19070478E-01      0.19257199E+00      0.84840047E-01
      0.79600000E+01      0.19056187E-01      0.19250603E+00      0.84589416E-01
      0.79700000E+01      0.19042089E-01      0.19244122E+00      0.84339252E-01
      0.79800000E+01      0.19028115E-01      0.19237720E+00      0.84090545E-01
      0.79900000E+01      0.19014201E-01      0.19231358E+00      0.83844183E-01
      0.80000000E+01      0.19000289E-01      0.19225003E+00      0.83600947E-01
      0.80100000E+01      0.18986327E-01      0.19218625E+00      0.83361507E-01
      0.80200000E+01      0.18972273E-01      0.19212194E+00      0.83126421E-01
      0.80300000E+01      0.18958085E-01      0.19205685E+00      0.82896137E-01
      0.80400000E+01      0.18943732E-01      0.19199075E+00      0.82671001E-01
      0.80500000E+01      0.18929185E-01      0.19192343E+00      0.82451264E-01
      0.80600000E+01      0.18914421E-01      0.19185472E+00      0.82237089E-01
      0.80700000E+01      0.18899420E-01      0.19178447E+00      0.82028563E-01
      0.80800000E+01      0.18884167E-01      0.19171254E+00      0.81825713E-01
      0.80900000E+01      0.18868649E-01      0.19163883E+00      0.81628516E-01
      0.81000000E+01      0.18852854E-01      0.19156326E+00      0.81436912E-01
      0.81100000E+01      0.18836773E-01      0.19148577E+00      0.81250821E-01
      0.81200000E+01      0.18820398E-01      0.19140630E+00      0.81070153E-01
      0.81300000E+01      0.18803720E-01      0.19132481E+00      0.80894820E-01
      0.81400000E+01      0.18786732E-01      0.19124129E+00      0.80724749E-01
      0.81500000E+01      0.18769424E-01      0.19115570E+00      0.80559889E-01
      0.81600000E+01      0.18751787E-01      0.19106802E+00      0.80400218E-01
      0.81700000E+01      0.18733809E-01      0.19097823E+00      0.80245746E-01
      0.81800000E+01      0.18715478E-01      0.19088631E+00      0.80096523E-01
      0.81900000E+01      0.18696781E-01      0.19079221E+00      0.79952631E-01
      0.82000000E+01      0.18677704E-01      0.19069590E+00      0.79814191E-01
      0.82100000E+01      0.18658230E-01      0.19059734E+00      0.79681355E-01
      0.82200000E+01      0.18638343E-01      0.19049647E+00      0.79554305E-01
      0.82300000E+01      0.18618026E-01      0.19039324E+00      0.79433249E-01
      0.82400000E+01      0.18597263E-01      0.19028758E+00      0.79318417E-01
      0.82500000E+01      0.18576035E-01      0.19017943E+00      0.79210054E-01
      0.82600000E+01      0.18554326E-01      0.19006871E+00      0.79108421E-01
      0.82700000E+01      0.18532117E-01      0.18995534E+00      0.79013792E-01
      0.82800000E+01      0.18509390E-01      0.18983923E+00      0.78926449E-01
      0.82900000E+01      0.18486125E-01      0.18972028E+00      0.78846680E-01
      0.83000000E+01      0.18462305E-01      0.18959838E+00      0.78774779E-01
      0.83100000E+01      0.18437908E-01      0.18947342E+00      0.78711043E-01
      0.83200000E+01      0.18412915E-01      0.18934527E+00      0.78655766E-01
      0.83300000E+01      0.18387306E-01      0.18921382E+00      0.78609237E-01
      0.83400000E+01      0.18361062E-01      0.18907895E+00      0.78571731E-01
      0.83500000E+01      0.18334163E-01      0.18894052E+00      0.78543501E-01
      0.83600000E+01      0.18306594E-01      0.18879844E+00      0.78524766E-01
      0.83700000E+01      0.18278341E-01      0.18865261E+00      0.78515700E-01
      0.83800000E+01      0.18249394E-01      0.18850295E+00      0.78516415E-01
      0.83900000E+01      0.18219749E-01      0.18834941E+00      0.78526951E-01
      0.84000000E+01      0.18189408E-01      0.18819198E+00      0.78547253E-01
      0.84100000E+01      0.18158380E-01      0.18803069E+00      0.78577163E-01
      0.84200000E+01      0.18126685E-01      0.18786561E+00      0.78616401E-01
      0.84300000E+01      0.18094350E-01      0.18769687E+00      0.78664560E-01
      0.84400000E+01      0.18061414E-01      0.18752464E+00      0.78721093E-01
      0.84500000E+01      0.18027928E-01      0.18734917E+00      0.78785315E-01
      0.84600000E+01      0.17993953E-01      0.18717075E+00      0.78856400E-01
      0.84700000E+01      0.17959560E-01      0.18698974E+00      0.78933390E-01
      0.84800000E+01      0.17924832E-01      0.18680655E+00      0.79015208E-01
      0.84900000E+01      0.17889859E-01      0.18662163E+00      0.79100669E-01
      0.85000000E+01      0.17854740E-01      0.18643547E+00      0.79188507E-01
      0.85100000E+01      0.17819578E-01      0.18624861E+00      0.79277392E-01
      0.85200000E+01      0.17784481E-01      0.18606159E+00      0.79365964E-01
      0.85300000E+01      0.17749560E-01      0.18587498E+00      0.79452851E-01
      0.85400000E+01      0.17714923E-01      0.18568934E+00      0.79536705E-01
      0.85500000E+01      0.17680678E-01      0.18550524E+00      0.79616222E-01
      0.85600000E+01      0.17646928E-01      0.18532322E+00      0.79690173E-01
      0.85700000E+01      0.17613771E-01      0.18514381E+00      0.79757420E-01
      0.85800000E+01      0.17581295E-01      0.18496752E+00      0.79816938E-01
      0.85900000E+01      0.17549583E-01      0.18479480E+00      0.79867828E-01
      0.86000000E+01      0.17518704E-01      0.18462608E+00      0.79909330E-01
      0.86100000E+01      0.17488721E-01      0.18446171E+00      0.79940824E-01
      0.86200000E+01      0.17459682E-01      0.18430202E+00      0.79961837E-01
      0.86300000E+01      0.17431624E-01      0.18414728E+00      0.79972035E-01
      0.86400000E+01      0.17404575E-01      0.18399767E+00      0.79971226E-01
      0.86500000E+01      0.17378549E-01      0.18385336E+00      0.79959342E-01
      0.86600000E+01      0.17353550E-01      0.18371441E+00      0.79936434E-01
      0.86700000E+01      0.17329574E-01      0.18358088E+00      0.79902661E-01
      0.86800000E+01      0.17306603E-01      0.18345272E+00      0.79858273E-01
      0.86900000E+01      0.17284615E-01      0.18332988E+00      0.79803600E-01
      0.87000000E+01      0.17263577E-01      0.18321223E+00      0.79739040E-01
      0.87100000E+01      0.17243452E-01      0.18309961E+00      0.79665049E-01
      0.87200000E+01      0.17224195E-01      0.18299181E+00      0.79582127E-01
      0.87300000E+01      0.17205755E-01      0.18288859E+00      0.79490814E-01
      0.87400000E+01      0.17188077E-01      0.18278967E+00      0.79391682E-01
      0.87500000E+01      0.17171103E-01      0.18269474E+00      0.79285332E-01
      0.87600000E+01      0.17154769E-01      0.18260346E+00      0.79172394E-01
      0.87700000E+01      0.17139009E-01      0.18251547E+00      0.79053521E-01
      0.87800000E+01      0.17123753E-01      0.18243037E+00      0.78929397E-01
      0.87900000E+01      0.17108930E-01      0.18234776E+00      0.78800736E-01
      0.88000000E+01      0.17094464E-01      0.18226721E+00      0.78668283E-01
      0.88100000E+01      0.17080278E-01      0.18218827E+00      0.78532819E-01
      0.88200000E+01      0.17066293E-01      0.18211049E+00      0.78395160E-01
      0.88300000E+01      0.17052429E-01      0.18203341E+00      0.78256160E-01
      0.88400000E+01      0.17038605E-01      0.18195655E+00      0.78116704E-01
      0.88500000E+01      0.17024739E-01      0.18187944E+00      0.77977703E-01
      0.88600000E+01      0.17010749E-01      0.18180161E+00      0.77840092E-01
      0.88700000E+01      0.16996557E-01      0.18172262E+00      0.77704813E-01
      0.88800000E+01      0.16982086E-01      0.18164201E+00      0.77572808E-01
      0.88900000E+01      0.16967262E-01      0.18155937E+00      0.77445001E-01
      0.89000000E+01      0.16952018E-01      0.18147432E+00      0.77322281E-01
      0.89100000E+01      0.16936292E-01      0.18138649E+00      0.77205491E-01
      0.89200000E+01      0.16920028E-01      0.18129559E+00      0.77095408E-01
      0.89300000E+01      0.16903179E-01      0.18120134E+00      0.76992731E-01
      0.89400000E+01      0.16885707E-01      0.18110352E+00      0.76898068E-01
      0.89500000E+01      0.16867580E-01      0.18100197E+00      0.76811927E-01
      0.89600000E+01      0.16848777E-01      0.18089657E+00      0.76734713E-01
      0.89700000E+01      0.16829285E-01      0.18078723E+00      0.76666721E-01
      0.89800000E+01      0.16809098E-01      0.18067392E+00      0.76608143E-01
      0.89900000E+01      0.16788218E-01      0.18055666E+00      0.76559071E-01
      0.90000000E+01      0.16766652E-01      0.18043548E+00      0.76519502E-01
      0.90100000E+01      0.16744413E-01      0.18031046E+00      0.76489353E-01
      0.90200000E+01      0.16721520E-01      0.18018170E+00      0.76468467E-01
      0.90300000E+01      0.16697995E-01      0.18004931E+00      0.76456626E-01
      0.90400000E+01      0.16673861E-01      0.17991344E+00      0.76453564E-01
      0.90500000E+01      0.16649146E-01      0.17977423E+00      0.76458969E-01
      0.90600000E+01      0.16623879E-01      0.17963185E+00      0.76472498E-01
      0.90700000E+01      0.16598090E-01      0.17948647E+00      0.76493776E-01
      0.90800000E+01      0.16571811E-01      0.17933828E+00      0.76522402E-01
      0.90900000E+01      0.16545076E-01      0.17918746E+00      0.76557946E-01
      0.91000000E+01      0.16517922E-01      0.17903421E+00      0.76599950E-01
      0.91100000E+01      0.16490385E-01      0.17887876E+00      0.76647921E-01
      0.91200000E+01      0.16462507E-01      0.17872134E+00      0.76701332E-01
      0.91300000E+01      0.16434331E-01      0.17856220E+00      0.76759612E-01
      0.91400000E+01      0.16405904E-01      0.17840159E+00      0.76822146E-01
      0.91500000E+01      0.16377278E-01      0.17823983E+00      0.76888273E-01
      0.91600000E+01      0.16348506E-01      0.17807720E+00      0.76957284E-01
      0.91700000E+01      0.16319647E-01      0.17791406E+00      0.77028422E-01
      0.91800000E+01      0.16290761E-01      0.17775073E+00      0.77100893E-01
      0.91900000E+01      0.16261911E-01      0.17758759E+00      0.77173864E-01
      0.92000000E+01      0.16233164E-01      0.17742502E+00      0.77246480E-01
      0.92100000E+01      0.16204584E-01      0.17726339E+00      0.77317871E-01
      0.92200000E+01      0.16176238E-01      0.17710309E+00      0.77387165E-01
      0.92300000E+01      0.16148191E-01      0.17694450E+00      0.77453506E-01
      0.92400000E+01      0.16120505E-01      0.17678798E+00      0.77516064E-01
      0.92500000E+01      0.16093238E-01      0.17663387E+00      0.77574054E-01
      0.92600000E+01      0.16066444E-01      0.17648251E+00      0.77626747E-01
      0.92700000E+01      0.16040172E-01      0.17633419E+00      0.77673485E-01
      0.92800000E+01      0.16014462E-01      0.17618916E+00      0.77713688E-01
      0.92900000E+01      0.15989349E-01      0.17604764E+00      0.77746869E-01
      0.93000000E+01      0.15964860E-01      0.17590982E+00      0.77772633E-01
      0.93100000E+01      0.15941015E-01      0.17577584E+00      0.77790684E-01
      0.93200000E+01      0.15917826E-01      0.17564579E+00      0.77800822E-01
      0.93300000E+01      0.15895297E-01      0.17551973E+00      0.77802941E-01
      0.93400000E+01      0.15873425E-01      0.17539766E+00      0.77797022E-01
      0.93500000E+01      0.15852204E-01      0.17527959E+00      0.77783124E-01
      0.93600000E+01      0.15831619E-01      0.17516544E+00      0.77761373E-01
      0.93700000E+01      0.15811653E-01      0.17505516E+00      0.77731948E-01
      0.93800000E+01      0.15792287E-01      0.17494864E+00      0.77695071E-01
      0.93900000E+01      0.15773497E-01      0.17484578E+00      0.77650986E-01
      0.94000000E+01      0.15755261E-01      0.17474646E+00      0.77599954E-01
      0.94100000E+01      0.15737554E-01      0.17465057E+00      0.77542235E-01
      0.94200000E+01      0.15720356E-01      0.17455798E+00      0.77478079E-01
      0.94300000E+01      0.15703644E-01      0.17446859E+00      0.77407722E-01
      0.94400000E+01      0.15687398E-01      0.17438228E+00      0.77331374E-01
      0.94500000E+01      0.15671600E-01      0.17429895E+00      0.77249224E-01
      0.94600000E+01      0.15656233E-01      0.17421849E+00      0.77161437E-01
      0.94700000E+01      0.15641280E-01      0.17414080E+00      0.77068160E-01
      0.94800000E+01      0.15626725E-01      0.17406578E+00      0.76969526E-01
      0.94900000E+01      0.15612552E-01      0.17399331E+00      0.76865664E-01
      0.95000000E+01      0.15598745E-01      0.17392327E+00      0.76756711E-01
      0.95100000E+01      0.15585285E-01      0.17385553E+00      0.76642817E-01
      0.95200000E+01      0.15572153E-01      0.17378996E+00      0.76524158E-01
      0.95300000E+01      0.15559325E-01      0.17372638E+00      0.76400947E-01
      0.95400000E+01      0.15546777E-01      0.17366462E+00      0.76273437E-01
      0.95500000E+01      0.15534480E-01      0.17360449E+00      0.76141931E-01
      0.95600000E+01      0.15522403E-01      0.17354577E+00      0.76006783E-01
      0.95700000E+01      0.15510512E-01      0.17348823E+00      0.75868400E-01
      0.95800000E+01      0.15498771E-01      0.17343163E+00      0.75727234E-01
      0.95900000E+01      0.15487142E-01      0.17337571E+00      0.75583785E-01
      0.96000000E+01      0.15475584E-01      0.17332021E+00      0.75438586E-01
      0.96100000E+01      0.15464059E-01      0.17326485E+00      0.75292199E-01
      0.96200000E+01      0.15452526E-01      0.17320937E+00      0.75145199E-01
      0.96300000E+01      0.15440948E-01      0.17315353E+00      0.74998164E-01
      0.96400000E+01      0.15429287E-01      0.17309706E+00      0.74851665E-01
      0.96500000E+01      0.15417511E-01      0.17303975E+00      0.74706249E-01
      0.96600000E+01      0.15405591E-01      0.17298140E+00      0.74562434E-01
      0.96700000E+01      0.15393498E-01      0.17292181E+00      0.74420694E-01
      0.96800000E+01      0.15381212E-01      0.17286083E+00      0.74281458E-01
      0.96900000E+01      0.15368714E-01      0.17279831E+00      0.74145100E-01
      0.97000000E+01      0.15355989E-01      0.17273416E+00      0.74011937E-01
      0.97100000E+01      0.15343026E-01      0.17266826E+00      0.73882229E-01
      0.97200000E+01      0.15329817E-01      0.17260054E+00      0.73756183E-01
      0.97300000E+01      0.15316357E-01      0.17253096E+00      0.73633949E-01
      0.97400000E+01      0.15302642E-01      0.17245947E+00      0.73515635E-01
      0.97500000E+01      0.15288671E-01      0.17238604E+00      0.73401305E-01
      0.97600000E+01      0.15274445E-01      0.17231066E+00      0.73290990E-01
      0.97700000E+01      0.15259964E-01      0.17223334E+00      0.73184697E-01
      0.97800000E+01      0.15245229E-01      0.17215408E+00      0.73082413E-01
      0.97900000E+01      0.15230242E-01      0.17207291E+00      0.72984119E-01
      0.98000000E+01      0.15215004E-01      0.17198983E+00      0.72889792E-01
      0.98100000E+01      0.15199515E-01      0.17190487E+00      0.72799418E-01
      0.98200000E+01      0.15183774E-01      0.17181804E+00      0.72712994E-01
      0.98300000E+01      0.15167781E-01      0.17172937E+00      0.72630536E-01
      0.98400000E+01      0.15151530E-01      0.17163884E+00      0.72552084E-01
      0.98500000E+01      0.15135019E-01      0.17154645E+00      0.72477704E-01
      0.98600000E+01      0.15118240E-01      0.17145219E+00      0.72407492E-01
      0.98700000E+01      0.15101187E-01      0.17135605E+00      0.72341574E-01
      0.98800000E+01      0.15083850E-01      0.17125798E+00      0.72280108E-01
      0.98900000E+01      0.15066219E-01      0.17115794E+00      0.72223281E-01
      0.99000000E+01      0.15048285E-01      0.17105590E+00      0.72171305E-01
      0.99100000E+01      0.15030036E-01      0.17095179E+00      0.72124419E-01
      0.99200000E+01      0.15011458E-01      0.17084557E+00      0.72082879E-01
      0.99300000E+01      0.14992541E-01      0.17073716E+00      0.72046954E-01
      0.99400000E+01      0.14973272E-01      0.17062652E+00      0.72016919E-01
      0.99500000E+01      0.14953638E-01      0.17051357E+00      0.71993047E-01
      0.99600000E+01      0.14933629E-01      0.17039826E+00      0.71975597E-01
      0.99700000E+01      0.14913233E-01      0.17028053E+00      0.71964811E-01
      0.99800000E+01      0.14892443E-01      0.17016035E+00      0.71960893E-01
      0.99900000E+01      0.14871252E-01      0.17003768E+00      0.71964011E-01
